  0.000
  0.002
  0.003
  0.004
  0.004
  0.004
  0.004
  0.004
  0.004
  0.003
  0.003
  0.002
  0.002
  0.002
  0.002
  0.001
  0.001
  0.001
  0.001
  0.001
  0.001
  0.001
  0.001
  0.001
  0.001
  0.001
  0.001
  0.001
  0.001
  0.002
  0.002
  0.002
  0.002
  0.002
  0.002
  0.002
  0.002
  0.002
  0.002
  0.002
  0.002
  0.002
  0.001
  0.001
  0.001
  0.000
  0.000
  0.000
  0.000
  0.000
  0.000
  0.000
  0.000
  0.000
  0.000
  0.000
  0.000
  0.000
  0.000
  0.001
  0.002
  0.004
  0.007
  0.010
  0.013
  0.017
  0.021
  0.026
  0.031
  0.037
  0.043
  0.049
  0.055
  0.061
  0.067
  0.073
  0.078
  0.083
  0.087
  0.090
  0.093
  0.094
  0.095
  0.095
  0.095
  0.094
  0.093
  0.093
  0.093
  0.095
  0.098
  0.104
  0.113
  0.126
  0.142
  0.164
  0.191
  0.223
  0.261
  0.305
  0.355
  0.411
  0.473
  0.541
  0.615
  0.695
  0.780
  0.870
  0.965
  1.065
  1.169
  1.277
  1.389
  1.505
  1.624
  1.746
  1.870
  1.998
  2.128
  2.260
  2.394
  2.530
  2.668
  2.808
  2.949
  3.092
  3.236
  3.381
  3.527
  3.674
  3.821
  3.968
  4.116
  4.263
  4.409
  4.555
  4.700
  4.843
  4.985
  5.125
  5.263
  5.399
  5.532
  5.662
  5.790
  5.914
  6.035
  6.152
  6.264
  6.373
  6.477
  6.576
  6.670
  6.758
  6.842
  6.919
  6.991
  7.058
  7.118
  7.172
  7.221
  7.264
  7.302
  7.334
  7.361
  7.384
  7.402
  7.417
  7.428
  7.436
  7.441
  7.444
  7.445
  7.443
  7.440
  7.435
  7.428
  7.419
  7.408
  7.395
  7.380
  7.363
  7.343
  7.322
  7.298
  7.273
  7.246
  7.219
  7.190
  7.160
  7.131
  7.101
  7.072
  7.043
  7.014
  6.985
  6.957
  6.929
  6.902
  6.874
  6.847
  6.819
  6.792
  6.764
  6.735
  6.707
  6.678
  6.649
  6.620
  6.590
  6.561
  6.531
  6.501
  6.470
  6.438
  6.406
  6.373
  6.338
  6.303
  6.266
  6.228
  6.188
  6.147
  6.106
  6.063
  6.019
  5.975
  5.930
  5.884
  5.838
  5.791
  5.744
  5.697
  5.650
  5.602
  5.554
  5.506
  5.458
  5.411
  5.364
  5.317
  5.271
  5.226
  5.182
  5.139
  5.097
  5.057
  5.017
  4.979
  4.942
  4.906
  4.871
  4.837
  4.804
  4.772
  4.740
  4.709
  4.679
  4.649
  4.619
  4.589
  4.560
  4.531
  4.501
  4.473
  4.444
  4.415
  4.386
  4.357
  4.328
  4.299
  4.271
  4.242
  4.214
  4.185
  4.157
  4.129
  4.102
  4.075
  4.048
  4.022
  3.997
  3.972
  3.948
  3.925
  3.902
  3.881
  3.860
  3.841
  3.822
  3.804
  3.786
  3.769
  3.753
  3.737
  3.720
  3.704
  3.688
  3.671
  3.654
  3.636
  3.618
  3.600
  3.582
  3.563
  3.545
  3.526
  3.508
  3.490
  3.472
  3.455
  3.438
  3.421
  3.405
  3.389
  3.373
  3.357
  3.341
  3.326
  3.310
  3.294
  3.278
  3.261
  3.245
  3.228
  3.212
  3.196
  3.179
  3.163
  3.147
  3.132
  3.117
  3.102
  3.087
  3.072
  3.057
  3.043
  3.028
  3.013
  2.999
  2.984
  2.969
  2.954
  2.940
  2.925
  2.910
  2.896
  2.881
  2.867
  2.853
  2.840
  2.826
  2.813
  2.801
  2.788
  2.777
  2.765
  2.754
  2.743
  2.732
  2.722
  2.711
  2.701
  2.691
  2.681
  2.671
  2.661
  2.651
  2.640
  2.629
  2.618
  2.607
  2.595
  2.583
  2.571
  2.559
  2.547
  2.535
  2.524
  2.512
  2.501
  2.490
  2.480
  2.470
  2.460
  2.451
  2.442
  2.433
  2.424
  2.415
  2.407
  2.398
  2.390
  2.381
  2.373
  2.364
  2.356
  2.347
  2.339
  2.330
  2.322
  2.313
  2.304
  2.295
  2.286
  2.277
  2.268
  2.258
  2.249
  2.239
  2.230
  2.220
  2.211
  2.201
  2.191
  2.181
  2.172
  2.162
  2.152
  2.143
  2.133
  2.124
  2.115
  2.105
  2.097
  2.088
  2.079
  2.071
  2.063
  2.055
  2.048
  2.040
  2.033
  2.026
  2.019
  2.013
  2.006
  2.000
  1.993
  1.987
  1.980
  1.974
  1.967
  1.960
  1.953
  1.947
  1.940
  1.933
  1.926
  1.920
  1.914
  1.908
  1.902
  1.897
  1.891
  1.887
  1.882
  1.878
  1.875
  1.871
  1.868
  1.864
  1.861
  1.858
  1.854
  1.851
  1.847
  1.842
  1.838
  1.833
  1.828
  1.823
  1.817
  1.811
  1.805
  1.798
  1.792
  1.785
  1.777
  1.770
  1.762
  1.755
  1.747
  1.739
  1.730
  1.722
  1.714
  1.705
  1.697
  1.689
  1.681
  1.672
  1.664
  1.656
  1.648
  1.640
  1.633
  1.625
  1.618
  1.611
  1.605
  1.599
  1.593
  1.588
  1.583
  1.579
  1.575
  1.572
  1.569
  1.566
  1.564
  1.561
  1.559
  1.557
  1.554
  1.552
  1.550
  1.547
  1.544
  1.541
  1.538
  1.534
  1.530
  1.526
  1.521
  1.517
  1.512
  1.507
  1.502
  1.497
  1.492
  1.487
  1.481
  1.476
  1.471
  1.466
  1.461
  1.456
  1.451
  1.446
  1.440
  1.435
  1.429
  1.424
  1.418
  1.412
  1.407
  1.401
  1.395
  1.390
  1.385
  1.380
  1.375
  1.371
  1.367
  1.364
  1.360
  1.358
  1.355
  1.353
  1.351
  1.349
  1.347
  1.345
  1.343
  1.341
  1.339
  1.337
  1.334
  1.332
  1.329
  1.325
  1.322
  1.318
  1.314
  1.310
  1.306
  1.302
  1.297
  1.293
  1.289
  1.284
  1.280
  1.275
  1.271
  1.266
  1.262
  1.257
  1.253
  1.248
  1.243
  1.238
  1.233
  1.228
  1.223
  1.218
  1.213
  1.209
  1.205
  1.200
  1.197
  1.193
  1.190
  1.188
  1.185
  1.183
  1.182
  1.180
  1.179
  1.178
  1.177
  1.176
  1.175
  1.174
  1.173
  1.171
  1.170
  1.168
  1.166
  1.163
  1.160
  1.157
  1.154
  1.150
  1.146
  1.141
  1.136
  1.131
  1.126
  1.121
  1.116
  1.112
  1.107
  1.103
  1.099
  1.096
  1.093
  1.091
  1.089
  1.087
  1.086
  1.085
  1.085
  1.084
  1.084
  1.083
  1.083
  1.082
  1.080
  1.079
  1.077
  1.074
  1.071
  1.068
  1.064
  1.061
  1.057
  1.052
  1.048
  1.044
  1.039
  1.035
  1.031
  1.027
  1.023
  1.020
  1.016
  1.013
  1.010
  1.007
  1.004
  1.001
  0.998
  0.995
  0.992
  0.989
  0.986
  0.983
  0.980
  0.977
  0.974
  0.970
  0.967
  0.963
  0.960
  0.956
  0.953
  0.949
  0.946
  0.943
  0.940
  0.937
  0.934
  0.932
  0.930
  0.928
  0.926
  0.924
  0.923
  0.922
  0.920
  0.919
  0.918
  0.917
  0.916
  0.915
  0.914
  0.913
  0.912
  0.911
  0.909
  0.908
  0.907
  0.905
  0.904
  0.902
  0.900
  0.898
  0.896
  0.893
  0.891
  0.888
  0.885
  0.882
  0.878
  0.875
  0.871
  0.867
  0.864
  0.860
  0.857
  0.853
  0.850
  0.847
  0.844
  0.841
  0.839
  0.836
  0.834
  0.832
  0.830
  0.829
  0.827
  0.826
  0.824
  0.823
  0.822
  0.821
  0.820
  0.820
  0.819
  0.818
  0.816
  0.815
  0.814
  0.812
  0.810
  0.807
  0.805
  0.802
  0.799
  0.796
  0.793
  0.790
  0.787
  0.784
  0.781
  0.778
  0.776
  0.773
  0.771
  0.769
  0.767
  0.765
  0.763
  0.761
  0.758
  0.756
  0.753
  0.751
  0.748
  0.746
  0.743
  0.741
  0.738
  0.736
  0.734
  0.733
  0.731
  0.730
  0.729
  0.728
  0.728
  0.727
  0.727
  0.727
  0.727
  0.727
  0.727
  0.727
  0.727
  0.727
  0.727
  0.727
  0.727
  0.726
  0.725
  0.724
  0.723
  0.721
  0.720
  0.718
  0.716
  0.714
  0.712
  0.710
  0.708
  0.706
  0.705
  0.703
  0.702
  0.701
  0.700
  0.699
  0.698
  0.697
  0.696
  0.695
  0.693
  0.691
  0.689
  0.687
  0.685
  0.682
  0.679
  0.675
  0.672
  0.668
  0.665
  0.661
  0.658
  0.655
  0.651
  0.649
  0.646
  0.644
  0.642
  0.640
  0.639
  0.638
  0.637
  0.636
  0.635
  0.635
  0.635
  0.635
  0.635
  0.635
  0.635
  0.635
  0.635
  0.635
  0.635
  0.636
  0.636
  0.636
  0.636
  0.636
  0.636
  0.636
  0.636
  0.636
  0.636
  0.635
  0.635
  0.634
  0.633
  0.632
  0.632
  0.631
  0.630
  0.629
  0.628
  0.627
  0.626
  0.625
  0.624
  0.623
  0.622
  0.621
  0.620
  0.619
  0.619
  0.618
  0.617
  0.616
  0.615
  0.614
  0.613
  0.612
  0.612
  0.611
  0.610
  0.610
  0.609
  0.609
  0.608
  0.607
  0.607
  0.606
  0.606
  0.605
  0.605
  0.604
  0.604
  0.603
  0.602
  0.602
  0.601
  0.600
  0.600
  0.599
  0.598
  0.598
  0.598
  0.598
  0.597
  0.598
  0.598
  0.598
  0.599
  0.599
  0.600
  0.600
  0.601
  0.602
  0.602
  0.602
  0.602
  0.601
  0.601
  0.600
  0.598
  0.597
  0.595
  0.592
  0.590
  0.587
  0.584
  0.580
  0.577
  0.573
  0.570
  0.566
  0.562
  0.558
  0.554
  0.551
  0.547
  0.543
  0.540
  0.537
  0.534
  0.531
  0.528
  0.525
  0.522
  0.520
  0.517
  0.515
  0.513
  0.511
  0.508
  0.506
  0.504
  0.502
  0.501
  0.499
  0.497
  0.496
  0.494
  0.493
  0.492
  0.491
  0.490
  0.490
  0.489
  0.489
  0.488
  0.488
  0.488
  0.489
  0.489
  0.489
  0.490
  0.490
  0.491
  0.491
  0.492
  0.492
  0.492
  0.493
  0.492
  0.492
  0.492
  0.491
  0.491
  0.490
  0.489
  0.488
  0.486
  0.485
  0.483
  0.481
  0.479
  0.477
  0.474
  0.471
  0.469
  0.466
  0.463
  0.460
  0.457
  0.454
  0.451
  0.448
  0.445
  0.443
  0.441
  0.439
  0.437
  0.436
  0.435
  0.434
  0.434
  0.434
  0.434
  0.434
  0.434
  0.435
  0.435
  0.436
  0.437
  0.437
  0.438
  0.438
  0.439
  0.439
  0.440
  0.440
  0.440
  0.440
  0.440
  0.440
  0.440
  0.440
  0.440
  0.439
  0.439
  0.438
  0.437
  0.436
  0.435
  0.433
  0.432
  0.430
  0.428
  0.427
  0.425
  0.423
  0.421
  0.419
  0.417
  0.415
  0.413
  0.411
  0.409
  0.408
  0.406
  0.404
  0.402
  0.400
  0.398
  0.396
  0.395
  0.393
  0.391
  0.389
  0.387
  0.386
  0.384
  0.383
  0.381
  0.380
  0.378
  0.377
  0.376
  0.376
  0.375
  0.375
  0.374
  0.374
  0.374
  0.375
  0.375
  0.375
  0.376
  0.376
  0.377
  0.377
  0.378
  0.378
  0.378
  0.379
  0.379
  0.379
  0.379
  0.379
  0.378
  0.378
  0.377
  0.376
  0.375
  0.374
  0.373
  0.372
  0.371
  0.369
  0.368
  0.366
  0.365
  0.363
  0.361
  0.359
  0.357
  0.356
  0.354
  0.352
  0.350
  0.348
  0.346
  0.345
  0.343
  0.341
  0.340
  0.338
  0.337
  0.335
  0.334
  0.333
  0.332
  0.331
  0.330
  0.329
  0.329
  0.328
  0.328
  0.327
  0.326
  0.326
  0.325
  0.325
  0.324
  0.323
  0.322
  0.321
  0.320
  0.319
  0.318
  0.316
  0.315
  0.313
  0.312
  0.310
  0.309
  0.308
  0.306
  0.305
  0.304
  0.303
  0.302
  0.302
  0.301
  0.301
  0.301
  0.301
  0.301
  0.302
  0.302
  0.302
  0.303
  0.303
  0.303
  0.304
  0.304
  0.304
  0.304
  0.304
  0.304
  0.304
  0.305
  0.305
  0.305
  0.305
  0.305
  0.305
  0.305
  0.305
  0.305
  0.305
  0.305
  0.304
  0.304
  0.304
  0.304
  0.303
  0.303
  0.302
  0.301
  0.301
  0.300
  0.299
  0.298
  0.297
  0.296
  0.295
  0.294
  0.292
  0.291
  0.290
  0.288
  0.287
  0.285
  0.283
  0.281
  0.280
  0.278
  0.275
  0.273
  0.271
  0.269
  0.267
  0.265
  0.263
  0.261
  0.259
  0.258
  0.256
  0.255
  0.254
  0.253
  0.252
  0.251
  0.251
  0.250
  0.250
  0.250
  0.250
  0.250
  0.250
  0.251
  0.251
  0.251
  0.251
  0.252
  0.252
  0.253
  0.253
  0.253
  0.254
  0.254
  0.254
  0.254
  0.254
  0.254
  0.253
  0.253
  0.253
  0.252
  0.252
  0.251
  0.250
  0.249
  0.249
  0.248
  0.247
  0.246
  0.246
  0.245
  0.245
  0.244
  0.243
  0.243
  0.242
  0.241
  0.241
  0.240
  0.240
  0.239
  0.238
  0.238
  0.237
  0.236
  0.236
  0.235
  0.234
  0.234
  0.233
  0.233
  0.232
  0.232
  0.232
  0.231
  0.231
  0.231
  0.232
  0.232
  0.232
  0.232
  0.233
  0.233
  0.234
  0.234
  0.234
  0.234
  0.234
  0.234
  0.234
  0.233
  0.233
  0.233
  0.232
  0.232
  0.231
  0.230
  0.230
  0.229
  0.229
  0.228
  0.228
  0.228
  0.227
  0.227
  0.226
  0.226
  0.225
  0.225
  0.224
  0.223
  0.222
  0.221
  0.220
  0.219
  0.218
  0.218
  0.217
  0.216
  0.215
  0.215
  0.215
  0.214
  0.214
  0.214
  0.215
  0.215
  0.215
  0.216
  0.217
  0.218
  0.219
  0.220
  0.220
  0.221
  0.222
  0.223
  0.224
  0.225
  0.226
  0.226
  0.227
  0.227
  0.228
  0.228
  0.228
  0.228
  0.228
  0.227
  0.227
  0.226
  0.226
  0.225
  0.224
  0.223
  0.222
  0.221
  0.220
  0.219
  0.217
  0.216
  0.214
  0.212
  0.210
  0.209
  0.207
  0.205
  0.203
  0.201
  0.199
  0.197
  0.196
  0.194
  0.193
  0.191
  0.191
  0.190
  0.189
  0.189
  0.189
  0.189
  0.189
  0.190
  0.191
  0.192
  0.193
  0.195
  0.196
  0.198
  0.200
  0.202
  0.203
  0.205
  0.207
  0.208
  0.209
  0.211
  0.212
  0.212
  0.213
  0.213
  0.213
  0.213
  0.213
  0.212
  0.212
  0.211
  0.210
  0.209
  0.207
  0.206
  0.204
  0.203
  0.201
  0.199
  0.198
  0.196
  0.194
  0.193
  0.191
  0.189
  0.187
  0.186
  0.184
  0.182
  0.180
  0.179
  0.177
  0.175
  0.174
  0.172
  0.171
  0.169
  0.168
  0.167
  0.166
  0.166
  0.165
  0.165
  0.165
  0.166
  0.166
  0.167
  0.168
  0.169
  0.170
  0.171
  0.172
  0.173
  0.174
  0.175
  0.176
  0.177
  0.178
  0.179
  0.179
  0.179
  0.180
  0.180
  0.179
  0.179
  0.179
  0.179
  0.178
  0.178
  0.178
  0.177
  0.177
  0.177
  0.176
  0.176
  0.176
  0.176
  0.176
  0.176
  0.175
  0.175
  0.175
  0.174
  0.174
  0.174
  0.173
  0.173
  0.173
  0.172
  0.172
  0.171
  0.171
  0.171
  0.170
  0.170
  0.170
  0.170
  0.170
  0.169
  0.169
  0.170
  0.170
  0.170
  0.170
  0.170
  0.170
  0.171
  0.171
  0.171
  0.171
  0.172
  0.172
  0.172
  0.173
  0.173
  0.174
  0.174
  0.174
  0.175
  0.175
  0.175
  0.175
  0.175
  0.175
  0.175
  0.175
  0.175
  0.175
  0.174
  0.174
  0.173
  0.173
  0.173
  0.172
  0.172
  0.172
  0.172
  0.171
  0.171
  0.171
  0.170
  0.170
  0.170
  0.169
  0.169
  0.168
  0.168
  0.167
  0.166
  0.165
  0.165
  0.164
  0.163
  0.162
  0.161
  0.160
  0.159
  0.158
  0.158
  0.157
  0.156
  0.156
  0.156
  0.156
  0.156
  0.156
  0.156
  0.157
  0.158
  0.159
  0.160
  0.162
  0.163
  0.165
  0.166
  0.168
  0.170
  0.171
  0.173
  0.174
  0.176
  0.177
  0.179
  0.180
  0.181
  0.182
  0.183
  0.184
  0.185
  0.186
  0.187
  0.187
  0.188
  0.188
  0.189
  0.189
  0.189
  0.189
  0.189
  0.189
  0.188
  0.188
  0.187
  0.186
  0.185
  0.183
  0.182
  0.180
  0.178
  0.177
  0.175
  0.173
  0.171
  0.169
  0.167
  0.165
  0.163
  0.161
  0.160
  0.158
  0.157
  0.156
  0.154
  0.153
  0.153
  0.152
  0.151
  0.151
  0.150
  0.149
  0.149
  0.149
  0.148
  0.148
  0.147
  0.147
  0.146
  0.146
  0.146
  0.145
  0.145
  0.144
  0.144
  0.143
  0.143
  0.143
  0.142
  0.142
  0.141
  0.141
  0.141
  0.140
  0.140
  0.140
  0.140
  0.140
  0.140
  0.140
  0.140
  0.140
  0.141
  0.141
  0.142
  0.142
  0.143
  0.143
  0.144
  0.144
  0.144
  0.144
  0.144
  0.144
  0.143
  0.143
  0.142
  0.142
  0.141
  0.140
  0.139
  0.138
  0.137
  0.136
  0.135
  0.133
  0.132
  0.131
  0.130
  0.128
  0.127
  0.126
  0.124
  0.123
  0.122
  0.121
  0.120
  0.119
  0.119
  0.118
  0.118
  0.117
  0.117
  0.117
  0.117
  0.117
  0.117
  0.117
  0.118
  0.118
  0.119
  0.119
  0.120
  0.121
  0.121
  0.122
  0.123
  0.124
  0.125
  0.126
  0.127
  0.127
  0.128
  0.129
  0.130
  0.130
  0.131
  0.131
  0.132
  0.132
  0.132
  0.133
  0.133
  0.132
  0.132
  0.132
  0.131
  0.131
  0.130
  0.130
  0.129
  0.128
  0.127
  0.126
  0.126
  0.125
  0.124
  0.123
  0.122
  0.122
  0.121
  0.121
  0.120
  0.120
  0.120
  0.119
  0.119
  0.119
  0.119
  0.119
  0.120
  0.120
  0.120
  0.120
  0.121
  0.121
  0.121
  0.121
  0.122
  0.122
  0.122
  0.122
  0.122
  0.122
  0.122
  0.122
  0.121
  0.121
  0.121
  0.120
  0.120
  0.119
  0.119
  0.118
  0.117
  0.116
  0.115
  0.115
  0.114
  0.113
  0.112
  0.111
  0.110
  0.109
  0.108
  0.108
  0.107
  0.107
  0.106
  0.106
  0.106
  0.106
  0.107
  0.107
  0.108
  0.108
  0.109
  0.110
  0.111
  0.112
  0.112
  0.113
  0.114
  0.115
  0.116
  0.116
  0.117
  0.117
  0.118
  0.118
  0.119
  0.119
  0.119
  0.120
  0.120
  0.120
  0.120
  0.120
  0.120
  0.120
  0.120
  0.120
  0.120
  0.120
  0.120
  0.119
  0.119
  0.119
  0.119
  0.119
  0.119
  0.119
  0.118
  0.118
  0.118
  0.118
  0.118
  0.118
  0.117
  0.117
  0.117
  0.116
  0.116
  0.115
  0.115
  0.114
  0.113
  0.113
  0.112
  0.112
  0.111
  0.111
  0.110
  0.110
  0.109
  0.109
  0.108
  0.108
  0.108
  0.108
  0.108
  0.108
  0.108
  0.108
  0.109
  0.109
  0.110
  0.110
  0.111
  0.112
  0.113
  0.113
  0.114
  0.115
  0.115
  0.116
  0.117
  0.117
  0.117
  0.117
  0.117
  0.117
  0.117
  0.117
  0.117
  0.116
  0.116
  0.115
  0.114
  0.112
  0.111
  0.110
  0.108
  0.108
  0.108
  0.108
  0.108
  0.108
  0.108
  0.107
  0.105
  0.103
  0.101
  0.099
  0.097
  0.095
  0.093
  0.091
  0.090
  0.088
  0.086
  0.084
  0.083
  0.081
  0.079
  0.077
  0.075
  0.074
  0.072
  0.070
  0.068
  0.066
  0.065
  0.063
  0.061
  0.059
  0.057
  0.056
  0.054
  0.052
  0.050
  0.048
  0.047
  0.045
  0.043
  0.041
  0.039
  0.038
  0.036
  0.034
  0.032
  0.031
  0.029
  0.027
  0.025
  0.023
  0.022
  0.020
  0.018
  0.016
  0.014
  0.013
  0.011
  0.009
  0.007
  0.005
  0.004
  0.002
