  0.000
  0.000
  0.000
  0.000
  0.000
  0.000
  0.000
  0.000
  0.000
  0.000
  0.000
  0.000
  0.000
  0.000
  0.000
  0.000
  0.000
  0.000
  0.000
  0.000
  0.000
  0.000
  0.000
  0.000
  0.000
  0.000
  0.000
  0.000
  0.000
  0.000
  0.000
  0.000
  0.000
  0.000
  0.000
  0.000
  0.000
  0.000
  0.000
  0.000
  0.000
  0.000
  0.000
  0.000
  0.000
  0.000
  0.000
  0.000
  0.000
  0.000
  0.000
  0.000
  0.000
  0.001
  0.001
  0.001
  0.002
  0.002
  0.003
  0.003
  0.004
  0.004
  0.004
  0.005
  0.005
  0.005
  0.005
  0.005
  0.004
  0.003
  0.001
  0.000
  0.000
  0.000
  0.000
  0.000
  0.000
  0.000
  0.000
  0.000
  0.000
  0.000
  0.000
  0.000
  0.000
  0.000
  0.000
  0.000
  0.000
  0.000
  0.000
  0.004
  0.040
  0.085
  0.141
  0.207
  0.285
  0.375
  0.478
  0.592
  0.720
  0.859
  1.010
  1.171
  1.341
  1.519
  1.705
  1.896
  2.090
  2.286
  2.482
  2.677
  2.868
  3.055
  3.236
  3.409
  3.573
  3.727
  3.870
  4.002
  4.122
  4.229
  4.323
  4.406
  4.476
  4.536
  4.584
  4.622
  4.652
  4.674
  4.690
  4.699
  4.705
  4.707
  4.707
  4.705
  4.702
  4.699
  4.695
  4.693
  4.691
  4.690
  4.689
  4.690
  4.692
  4.694
  4.698
  4.701
  4.706
  4.710
  4.715
  4.719
  4.723
  4.727
  4.730
  4.732
  4.733
  4.732
  4.731
  4.728
  4.724
  4.718
  4.710
  4.701
  4.690
  4.678
  4.664
  4.648
  4.631
  4.612
  4.592
  4.570
  4.546
  4.521
  4.494
  4.466
  4.437
  4.406
  4.374
  4.341
  4.308
  4.273
  4.237
  4.200
  4.163
  4.125
  4.087
  4.048
  4.009
  3.970
  3.930
  3.891
  3.851
  3.811
  3.772
  3.733
  3.696
  3.659
  3.623
  3.588
  3.556
  3.524
  3.495
  3.467
  3.440
  3.415
  3.392
  3.370
  3.349
  3.329
  3.310
  3.292
  3.273
  3.255
  3.238
  3.220
  3.202
  3.184
  3.166
  3.148
  3.130
  3.112
  3.094
  3.076
  3.058
  3.041
  3.023
  3.006
  2.989
  2.972
  2.955
  2.939
  2.923
  2.907
  2.891
  2.876
  2.861
  2.846
  2.831
  2.817
  2.803
  2.788
  2.774
  2.761
  2.747
  2.734
  2.721
  2.708
  2.695
  2.683
  2.671
  2.659
  2.647
  2.636
  2.625
  2.614
  2.603
  2.592
  2.582
  2.571
  2.561
  2.550
  2.540
  2.529
  2.519
  2.508
  2.498
  2.487
  2.476
  2.465
  2.455
  2.445
  2.435
  2.425
  2.415
  2.406
  2.397
  2.388
  2.380
  2.372
  2.364
  2.356
  2.349
  2.341
  2.334
  2.327
  2.319
  2.312
  2.304
  2.297
  2.290
  2.283
  2.276
  2.269
  2.262
  2.255
  2.248
  2.241
  2.233
  2.226
  2.218
  2.210
  2.201
  2.192
  2.182
  2.172
  2.162
  2.151
  2.140
  2.128
  2.116
  2.105
  2.093
  2.081
  2.070
  2.058
  2.047
  2.036
  2.025
  2.014
  2.004
  1.993
  1.982
  1.971
  1.961
  1.950
  1.939
  1.929
  1.918
  1.907
  1.897
  1.887
  1.877
  1.867
  1.857
  1.848
  1.839
  1.830
  1.820
  1.811
  1.802
  1.793
  1.784
  1.775
  1.766
  1.757
  1.747
  1.738
  1.729
  1.719
  1.710
  1.700
  1.691
  1.682
  1.673
  1.664
  1.655
  1.646
  1.638
  1.630
  1.621
  1.613
  1.605
  1.598
  1.590
  1.582
  1.575
  1.567
  1.559
  1.552
  1.544
  1.536
  1.528
  1.520
  1.512
  1.504
  1.496
  1.488
  1.480
  1.472
  1.464
  1.456
  1.449
  1.441
  1.434
  1.426
  1.419
  1.412
  1.405
  1.398
  1.391
  1.383
  1.376
  1.369
  1.361
  1.354
  1.346
  1.339
  1.331
  1.323
  1.315
  1.307
  1.300
  1.292
  1.284
  1.277
  1.269
  1.262
  1.255
  1.248
  1.241
  1.234
  1.227
  1.221
  1.214
  1.207
  1.200
  1.193
  1.186
  1.180
  1.173
  1.166
  1.159
  1.152
  1.146
  1.139
  1.132
  1.125
  1.119
  1.112
  1.105
  1.098
  1.091
  1.084
  1.076
  1.069
  1.061
  1.053
  1.046
  1.038
  1.030
  1.022
  1.015
  1.007
  1.000
  0.993
  0.986
  0.980
  0.973
  0.967
  0.961
  0.955
  0.950
  0.944
  0.939
  0.933
  0.928
  0.922
  0.917
  0.912
  0.907
  0.902
  0.897
  0.892
  0.887
  0.882
  0.877
  0.873
  0.868
  0.863
  0.858
  0.853
  0.848
  0.843
  0.838
  0.833
  0.828
  0.823
  0.817
  0.812
  0.807
  0.801
  0.795
  0.790
  0.784
  0.778
  0.773
  0.767
  0.761
  0.756
  0.751
  0.745
  0.740
  0.736
  0.731
  0.727
  0.723
  0.719
  0.715
  0.712
  0.709
  0.706
  0.704
  0.701
  0.699
  0.697
  0.695
  0.693
  0.691
  0.689
  0.688
  0.686
  0.683
  0.681
  0.679
  0.676
  0.674
  0.671
  0.667
  0.664
  0.661
  0.657
  0.653
  0.649
  0.645
  0.642
  0.638
  0.634
  0.630
  0.626
  0.623
  0.619
  0.616
  0.612
  0.609
  0.606
  0.602
  0.599
  0.596
  0.593
  0.590
  0.587
  0.583
  0.580
  0.578
  0.575
  0.572
  0.569
  0.567
  0.564
  0.562
  0.560
  0.559
  0.557
  0.555
  0.554
  0.553
  0.552
  0.551
  0.550
  0.549
  0.548
  0.546
  0.545
  0.543
  0.541
  0.539
  0.536
  0.533
  0.530
  0.526
  0.522
  0.517
  0.513
  0.508
  0.504
  0.499
  0.494
  0.490
  0.485
  0.481
  0.477
  0.473
  0.469
  0.465
  0.462
  0.458
  0.455
  0.452
  0.449
  0.447
  0.444
  0.441
  0.439
  0.436
  0.434
  0.431
  0.429
  0.427
  0.424
  0.422
  0.420
  0.419
  0.417
  0.415
  0.414
  0.413
  0.412
  0.411
  0.410
  0.410
  0.409
  0.409
  0.409
  0.409
  0.409
  0.409
  0.409
  0.409
  0.409
  0.409
  0.409
  0.410
  0.410
  0.410
  0.410
  0.410
  0.411
  0.411
  0.411
  0.411
  0.411
  0.412
  0.412
  0.412
  0.412
  0.412
  0.411
  0.411
  0.410
  0.410
  0.409
  0.408
  0.406
  0.405
  0.403
  0.401
  0.399
  0.396
  0.394
  0.391
  0.388
  0.385
  0.382
  0.379
  0.376
  0.373
  0.370
  0.367
  0.364
  0.361
  0.359
  0.357
  0.354
  0.352
  0.351
  0.349
  0.348
  0.346
  0.345
  0.345
  0.344
  0.343
  0.342
  0.342
  0.342
  0.341
  0.341
  0.340
  0.339
  0.339
  0.338
  0.337
  0.336
  0.334
  0.333
  0.331
  0.330
  0.328
  0.326
  0.324
  0.322
  0.320
  0.318
  0.317
  0.315
  0.314
  0.312
  0.311
  0.310
  0.309
  0.308
  0.308
  0.307
  0.307
  0.306
  0.306
  0.305
  0.305
  0.304
  0.303
  0.303
  0.302
  0.300
  0.299
  0.298
  0.296
  0.295
  0.293
  0.291
  0.289
  0.287
  0.286
  0.284
  0.282
  0.280
  0.278
  0.277
  0.275
  0.274
  0.273
  0.272
  0.272
  0.271
  0.271
  0.271
  0.270
  0.270
  0.271
  0.271
  0.271
  0.271
  0.271
  0.272
  0.272
  0.272
  0.272
  0.272
  0.272
  0.272
  0.272
  0.271
  0.271
  0.270
  0.269
  0.267
  0.265
  0.264
  0.261
  0.259
  0.257
  0.254
  0.251
  0.248
  0.246
  0.243
  0.240
  0.238
  0.236
  0.234
  0.232
  0.230
  0.229
  0.227
  0.226
  0.225
  0.224
  0.224
  0.223
  0.223
  0.222
  0.222
  0.221
  0.221
  0.220
  0.220
  0.219
  0.219
  0.218
  0.217
  0.216
  0.215
  0.214
  0.213
  0.212
  0.211
  0.210
  0.209
  0.208
  0.207
  0.206
  0.205
  0.204
  0.204
  0.203
  0.203
  0.202
  0.202
  0.202
  0.202
  0.202
  0.202
  0.202
  0.202
  0.202
  0.202
  0.202
  0.202
  0.203
  0.203
  0.203
  0.203
  0.203
  0.203
  0.202
  0.202
  0.202
  0.201
  0.201
  0.200
  0.199
  0.198
  0.197
  0.195
  0.194
  0.192
  0.191
  0.189
  0.187
  0.185
  0.183
  0.181
  0.180
  0.178
  0.176
  0.175
  0.173
  0.172
  0.171
  0.170
  0.170
  0.169
  0.168
  0.168
  0.168
  0.168
  0.167
  0.167
  0.167
  0.167
  0.167
  0.167
  0.167
  0.166
  0.166
  0.166
  0.165
  0.165
  0.164
  0.164
  0.163
  0.163
  0.162
  0.161
  0.161
  0.161
  0.160
  0.160
  0.160
  0.160
  0.160
  0.160
  0.160
  0.160
  0.160
  0.160
  0.160
  0.160
  0.160
  0.160
  0.160
  0.159
  0.159
  0.159
  0.158
  0.158
  0.157
  0.157
  0.156
  0.155
  0.155
  0.154
  0.154
  0.153
  0.153
  0.153
  0.152
  0.152
  0.152
  0.152
  0.151
  0.151
  0.151
  0.151
  0.150
  0.150
  0.149
  0.149
  0.148
  0.148
  0.147
  0.146
  0.145
  0.144
  0.144
  0.143
  0.142
  0.141
  0.140
  0.139
  0.138
  0.138
  0.137
  0.136
  0.136
  0.136
  0.135
  0.135
  0.135
  0.135
  0.135
  0.134
  0.134
  0.134
  0.134
  0.135
  0.135
  0.135
  0.135
  0.135
  0.135
  0.135
  0.135
  0.135
  0.135
  0.135
  0.135
  0.135
  0.135
  0.135
  0.135
  0.135
  0.135
  0.135
  0.135
  0.135
  0.135
  0.135
  0.135
  0.135
  0.135
  0.135
  0.135
  0.135
  0.135
  0.135
  0.135
  0.135
  0.135
  0.135
  0.135
  0.135
  0.135
  0.135
  0.135
  0.135
  0.135
  0.135
  0.135
  0.135
  0.135
  0.135
  0.135
  0.135
  0.135
  0.135
  0.135
  0.135
  0.135
  0.135
  0.135
  0.135
  0.135
  0.135
  0.135
  0.135
  0.135
  0.135
  0.135
  0.135
  0.135
  0.135
  0.135
  0.135
  0.135
  0.135
  0.135
  0.135
  0.135
  0.135
  0.135
  0.135
  0.136
  0.136
  0.136
  0.136
  0.136
  0.136
  0.136
  0.136
  0.137
  0.137
  0.136
  0.136
  0.136
  0.136
  0.135
  0.135
  0.134
  0.133
  0.132
  0.130
  0.129
  0.127
  0.125
  0.123
  0.120
  0.118
  0.116
  0.114
  0.111
  0.109
  0.107
  0.105
  0.104
  0.102
  0.101
  0.100
  0.099
  0.099
  0.098
  0.098
  0.098
  0.098
  0.098
  0.098
  0.098
  0.098
  0.098
  0.098
  0.098
  0.098
  0.099
  0.099
  0.099
  0.099
  0.099
  0.099
  0.099
  0.098
  0.098
  0.098
  0.098
  0.098
  0.097
  0.097
  0.097
  0.096
  0.096
  0.095
  0.095
  0.095
  0.094
  0.094
  0.094
  0.093
  0.093
  0.092
  0.092
  0.091
  0.091
  0.090
  0.090
  0.089
  0.088
  0.087
  0.087
  0.086
  0.085
  0.084
  0.083
  0.082
  0.081
  0.080
  0.079
  0.079
  0.078
  0.077
  0.076
  0.075
  0.074
  0.072
  0.072
  0.071
  0.070
  0.069
  0.068
  0.067
  0.067
  0.066
  0.066
  0.065
  0.065
  0.065
  0.065
  0.065
  0.064
  0.064
  0.064
  0.064
  0.064
  0.064
  0.065
  0.065
  0.065
  0.065
  0.065
  0.065
  0.065
  0.065
  0.065
  0.065
  0.065
  0.065
  0.065
  0.065
  0.065
  0.065
  0.065
  0.065
  0.065
  0.065
  0.065
  0.065
  0.065
  0.065
  0.065
  0.065
  0.065
  0.065
  0.065
  0.065
  0.065
  0.065
  0.065
  0.065
  0.065
  0.065
  0.065
  0.065
  0.065
  0.065
  0.065
  0.065
  0.065
  0.065
  0.065
  0.065
  0.065
  0.065
  0.065
  0.065
  0.065
  0.065
  0.065
  0.065
  0.065
  0.065
  0.065
  0.065
  0.065
  0.065
  0.065
  0.065
  0.065
  0.065
  0.065
  0.065
  0.065
  0.065
  0.065
  0.065
  0.065
  0.065
  0.065
  0.065
  0.065
  0.065
  0.065
  0.065
  0.065
  0.065
  0.065
  0.065
  0.065
  0.065
  0.065
  0.065
  0.065
  0.065
  0.065
  0.065
  0.065
  0.065
  0.065
  0.065
  0.065
  0.065
  0.066
  0.066
  0.066
  0.065
  0.065
  0.065
  0.065
  0.065
  0.064
  0.064
  0.064
  0.063
  0.062
  0.062
  0.061
  0.060
  0.060
  0.059
  0.058
  0.058
  0.057
  0.057
  0.056
  0.056
  0.056
  0.056
  0.056
  0.056
  0.056
  0.056
  0.056
  0.056
  0.056
  0.056
  0.056
  0.056
  0.057
  0.057
  0.057
  0.058
  0.058
  0.058
  0.059
  0.059
  0.060
  0.060
  0.060
  0.060
  0.060
  0.060
  0.059
  0.059
  0.059
  0.058
  0.058
  0.057
  0.056
  0.056
  0.056
  0.056
  0.056
  0.056
  0.056
  0.056
  0.057
  0.057
  0.058
  0.059
  0.059
  0.060
  0.060
  0.061
  0.061
  0.062
  0.062
  0.062
  0.062
  0.062
  0.062
  0.062
  0.061
  0.061
  0.060
  0.059
  0.058
  0.057
  0.056
  0.055
  0.054
  0.052
  0.051
  0.049
  0.048
  0.046
  0.045
  0.043
  0.042
  0.040
  0.039
  0.037
  0.036
  0.035
  0.034
  0.033
  0.033
  0.032
  0.031
  0.031
  0.031
  0.030
  0.030
  0.030
  0.030
  0.030
  0.030
  0.030
  0.030
  0.030
  0.030
  0.031
  0.031
  0.031
  0.031
  0.031
  0.031
  0.031
  0.031
  0.031
  0.031
  0.031
  0.031
  0.031
  0.031
  0.031
  0.031
  0.031
  0.031
  0.031
  0.031
  0.031
  0.031
  0.031
  0.031
  0.031
  0.031
  0.031
  0.031
  0.031
  0.031
  0.031
  0.031
  0.031
  0.031
  0.031
  0.031
  0.031
  0.031
  0.031
  0.031
  0.031
  0.031
  0.031
  0.031
  0.031
  0.031
  0.031
  0.031
  0.031
  0.031
  0.031
  0.031
  0.031
  0.031
  0.031
  0.031
  0.031
  0.031
  0.031
  0.031
  0.031
  0.031
  0.031
  0.031
  0.031
  0.031
  0.031
  0.031
  0.031
  0.031
  0.031
  0.031
  0.031
  0.031
  0.031
  0.031
  0.031
  0.031
  0.031
  0.031
  0.031
  0.031
  0.031
  0.031
  0.031
  0.031
  0.031
  0.031
  0.031
  0.031
  0.031
  0.031
  0.031
  0.031
  0.031
  0.031
  0.031
  0.031
  0.031
  0.031
  0.031
  0.031
  0.031
  0.031
  0.031
  0.031
  0.031
  0.031
  0.031
  0.031
  0.031
  0.031
  0.031
  0.031
  0.031
  0.031
  0.031
  0.031
  0.031
  0.031
  0.031
  0.031
  0.031
  0.031
  0.031
  0.031
  0.031
  0.031
  0.031
  0.031
  0.031
  0.031
  0.031
  0.031
  0.031
  0.030
  0.030
  0.030
  0.030
  0.030
  0.029
  0.029
  0.029
  0.029
  0.029
  0.028
  0.028
  0.028
  0.028
  0.028
  0.028
  0.028
  0.029
  0.029
  0.029
  0.029
  0.029
  0.030
  0.030
  0.030
  0.030
  0.031
  0.031
  0.031
  0.031
  0.031
  0.031
  0.031
  0.031
  0.031
  0.031
  0.031
  0.031
  0.031
  0.031
  0.031
  0.031
  0.031
  0.031
  0.031
  0.031
  0.031
  0.031
  0.032
  0.032
  0.031
  0.031
  0.031
  0.031
  0.031
  0.031
  0.031
  0.031
  0.030
  0.030
  0.030
  0.029
  0.028
  0.028
  0.027
  0.027
  0.026
  0.025
  0.024
  0.024
  0.023
  0.022
  0.022
  0.021
  0.020
  0.020
  0.020
  0.019
  0.019
  0.019
  0.019
  0.018
  0.018
  0.018
  0.018
  0.019
  0.019
  0.019
  0.019
  0.019
  0.019
  0.019
  0.019
  0.019
  0.019
  0.019
  0.019
  0.019
  0.019
  0.019
  0.018
  0.018
  0.018
  0.017
  0.017
  0.017
  0.016
  0.016
  0.016
  0.016
  0.015
  0.015
  0.015
  0.015
  0.015
  0.015
  0.015
  0.015
  0.015
  0.015
  0.015
  0.015
  0.015
  0.015
  0.015
  0.015
  0.015
  0.015
  0.015
  0.015
  0.015
  0.015
  0.015
  0.015
  0.014
  0.014
  0.014
  0.014
  0.014
  0.014
  0.014
  0.013
  0.013
  0.013
  0.013
  0.013
  0.013
  0.013
  0.014
  0.014
  0.014
  0.015
  0.015
  0.016
  0.016
  0.016
  0.017
  0.017
  0.017
  0.018
  0.018
  0.018
  0.018
  0.018
  0.018
  0.018
  0.018
  0.017
  0.017
  0.017
  0.017
  0.017
  0.016
  0.016
  0.016
  0.016
  0.016
  0.016
  0.015
  0.015
  0.015
  0.015
  0.014
  0.014
  0.014
  0.013
  0.013
  0.012
  0.012
  0.011
  0.010
  0.009
  0.009
  0.008
  0.007
  0.007
  0.006
  0.005
  0.005
  0.004
  0.004
  0.003
  0.003
  0.003
  0.002
  0.002
  0.002
  0.001
  0.001
  0.001
  0.001
  0.001
  0.001
  0.001
  0.001
  0.001
  0.001
  0.001
  0.001
  0.001
  0.002
  0.002
  0.002
  0.003
  0.003
  0.004
  0.005
  0.005
  0.006
  0.006
  0.007
  0.007
  0.008
  0.008
  0.008
  0.008
  0.008
  0.008
  0.008
  0.007
  0.007
  0.006
  0.006
  0.006
  0.005
  0.004
  0.004
  0.003
  0.003
  0.003
  0.002
  0.002
  0.001
  0.001
  0.001
  0.001
  0.001
  0.001
  0.002
  0.002
  0.003
  0.003
  0.004
  0.005
  0.006
  0.007
  0.008
  0.009
  0.010
  0.011
  0.012
  0.013
  0.013
  0.014
  0.015
  0.015
  0.016
  0.016
  0.016
  0.016
  0.017
  0.017
  0.016
  0.016
  0.016
  0.016
  0.015
  0.015
  0.014
  0.013
  0.013
  0.012
  0.011
  0.010
  0.010
  0.009
  0.009
  0.008
  0.008
  0.007
  0.007
  0.007
  0.007
  0.007
  0.007
  0.007
  0.008
  0.008
  0.008
  0.008
  0.008
  0.008
  0.008
  0.008
  0.008
  0.008
  0.008
  0.009
  0.009
  0.009
  0.009
  0.009
  0.009
  0.009
  0.008
  0.008
  0.008
  0.008
  0.008
  0.007
  0.007
  0.006
  0.006
  0.006
  0.005
  0.005
  0.004
  0.004
  0.003
  0.003
  0.003
  0.002
  0.002
  0.002
  0.001
  0.001
  0.001
  0.000
  0.000
  0.000
  0.000
  0.000
  0.000
  0.000
  0.000
  0.000
  0.000
  0.000
  0.000
  0.000
  0.000
  0.000
  0.000
  0.000
  0.000
  0.000
  0.000
  0.000
  0.000
  0.000
  0.000
  0.000
  0.000
  0.000
  0.000
  0.000
  0.000
  0.000
  0.000
  0.000
  0.000
  0.000
  0.000
  0.000
  0.000
  0.000
  0.000
  0.000
  0.000
  0.000
  0.000
  0.000
  0.000
  0.000
  0.000
  0.000
  0.000
  0.000
  0.000
  0.000
  0.000
  0.000
  0.000
  0.000
  0.000
  0.000
  0.000
  0.000
  0.000
  0.000
  0.000
  0.000
  0.000
  0.000
  0.000
  0.000
  0.000
  0.000
  0.000
  0.000
  0.000
  0.000
  0.000
  0.000
  0.000
  0.000
  0.000
  0.000
  0.000
  0.000
  0.000
  0.000
  0.000
  0.000
  0.000
  0.000
  0.000
  0.000
  0.000
  0.000
  0.000
  0.000
  0.000
  0.000
  0.000
  0.000
  0.000
  0.000
  0.000
  0.000
  0.000
  0.000
  0.000
  0.000
  0.000
  0.000
  0.000
  0.000
  0.000
  0.000
  0.000
  0.000
  0.000
  0.000
  0.000
  0.000
  0.000
  0.000
  0.000
  0.000
  0.000
  0.000
  0.000
  0.000
  0.000
  0.000
  0.000
  0.000
  0.000
  0.000
  0.000
  0.000
  0.000
  0.000
  0.000
  0.000
  0.000
  0.000
  0.000
  0.000
  0.000
  0.000
  0.000
  0.000
  0.000
  0.000
  0.000
  0.000
  0.000
  0.000
  0.000
  0.000
  0.000
  0.000
  0.000
  0.000
  0.000
  0.000
