  0.000
  0.000
  0.001
  0.001
  0.002
  0.004
  0.005
  0.006
  0.008
  0.009
  0.011
  0.012
  0.014
  0.015
  0.016
  0.017
  0.017
  0.017
  0.017
  0.017
  0.016
  0.015
  0.014
  0.013
  0.012
  0.011
  0.009
  0.008
  0.006
  0.005
  0.004
  0.003
  0.002
  0.001
  0.001
  0.000
  0.000
  0.000
  0.000
  0.000
  0.000
  0.000
  0.000
  0.000
  0.000
  0.000
  0.000
  0.000
  0.000
  0.000
  0.000
  0.000
  0.000
  0.000
  0.000
  0.000
  0.001
  0.001
  0.001
  0.001
  0.001
  0.001
  0.001
  0.002
  0.002
  0.002
  0.001
  0.001
  0.001
  0.000
  0.000
  0.000
  0.000
  0.000
  0.000
  0.000
  0.000
  0.000
  0.000
  0.000
  0.000
  0.000
  0.000
  0.000
  0.000
  0.000
  0.000
  0.000
  0.000
  0.000
  0.000
  0.009
  0.021
  0.036
  0.053
  0.074
  0.098
  0.126
  0.157
  0.193
  0.231
  0.274
  0.321
  0.372
  0.427
  0.486
  0.550
  0.618
  0.691
  0.768
  0.851
  0.939
  1.032
  1.130
  1.233
  1.342
  1.456
  1.575
  1.700
  1.829
  1.964
  2.103
  2.247
  2.394
  2.546
  2.701
  2.859
  3.020
  3.184
  3.349
  3.515
  3.682
  3.849
  4.017
  4.183
  4.347
  4.510
  4.670
  4.827
  4.980
  5.129
  5.273
  5.413
  5.548
  5.677
  5.800
  5.918
  6.029
  6.135
  6.234
  6.326
  6.412
  6.491
  6.563
  6.628
  6.685
  6.735
  6.777
  6.812
  6.838
  6.857
  6.867
  6.870
  6.864
  6.852
  6.832
  6.805
  6.772
  6.733
  6.688
  6.638
  6.584
  6.525
  6.464
  6.399
  6.332
  6.263
  6.193
  6.121
  6.049
  5.976
  5.903
  5.830
  5.757
  5.685
  5.613
  5.542
  5.471
  5.402
  5.333
  5.265
  5.199
  5.133
  5.068
  5.005
  4.942
  4.881
  4.821
  4.762
  4.704
  4.647
  4.591
  4.536
  4.482
  4.429
  4.377
  4.326
  4.276
  4.228
  4.180
  4.134
  4.088
  4.044
  4.001
  3.959
  3.918
  3.878
  3.839
  3.801
  3.763
  3.726
  3.690
  3.653
  3.618
  3.582
  3.546
  3.510
  3.475
  3.439
  3.404
  3.369
  3.334
  3.299
  3.265
  3.232
  3.200
  3.169
  3.139
  3.110
  3.082
  3.055
  3.030
  3.005
  2.981
  2.958
  2.936
  2.914
  2.893
  2.873
  2.852
  2.833
  2.814
  2.796
  2.778
  2.761
  2.745
  2.729
  2.713
  2.698
  2.682
  2.666
  2.650
  2.634
  2.616
  2.598
  2.580
  2.561
  2.541
  2.520
  2.500
  2.478
  2.456
  2.434
  2.412
  2.389
  2.367
  2.343
  2.320
  2.297
  2.274
  2.251
  2.230
  2.209
  2.189
  2.170
  2.154
  2.139
  2.125
  2.114
  2.104
  2.095
  2.087
  2.081
  2.074
  2.067
  2.060
  2.051
  2.040
  2.029
  2.015
  1.999
  1.981
  1.961
  1.940
  1.917
  1.894
  1.870
  1.847
  1.824
  1.802
  1.781
  1.763
  1.746
  1.731
  1.718
  1.708
  1.698
  1.691
  1.684
  1.678
  1.672
  1.667
  1.660
  1.654
  1.646
  1.637
  1.627
  1.616
  1.604
  1.591
  1.577
  1.562
  1.548
  1.533
  1.518
  1.503
  1.489
  1.475
  1.461
  1.447
  1.434
  1.420
  1.407
  1.394
  1.381
  1.367
  1.353
  1.339
  1.324
  1.308
  1.292
  1.274
  1.256
  1.237
  1.216
  1.195
  1.173
  1.151
  1.129
  1.108
  1.087
  1.068
  1.050
  1.034
  1.021
  1.011
  1.003
  0.999
  0.997
  0.998
  1.001
  1.007
  1.015
  1.024
  1.035
  1.046
  1.058
  1.070
  1.081
  1.091
  1.100
  1.106
  1.112
  1.115
  1.116
  1.116
  1.114
  1.110
  1.106
  1.100
  1.095
  1.089
  1.084
  1.078
  1.073
  1.068
  1.063
  1.058
  1.053
  1.048
  1.043
  1.038
  1.032
  1.027
  1.023
  1.020
  1.019
  1.019
  1.020
  1.023
  1.028
  1.035
  1.042
  1.050
  1.057
  1.063
  1.067
  1.069
  1.068
  1.064
  1.057
  1.046
  1.032
  1.016
  0.998
  0.978
  0.958
  0.938
  0.919
  0.901
  0.885
  0.872
  0.862
  0.856
  0.852
  0.853
  0.857
  0.864
  0.875
  0.888
  0.903
  0.920
  0.937
  0.955
  0.973
  0.989
  1.003
  1.015
  1.024
  1.029
  1.030
  1.027
  1.019
  1.008
  0.994
  0.976
  0.957
  0.935
  0.913
  0.892
  0.871
  0.853
  0.837
  0.824
  0.813
  0.806
  0.801
  0.800
  0.800
  0.800
  0.802
  0.802
  0.802
  0.800
  0.796
  0.790
  0.781
  0.770
  0.757
  0.744
  0.730
  0.716
  0.704
  0.693
  0.684
  0.679
  0.677
  0.679
  0.684
  0.691
  0.701
  0.713
  0.726
  0.740
  0.752
  0.763
  0.772
  0.777
  0.780
  0.778
  0.773
  0.763
  0.749
  0.732
  0.712
  0.689
  0.664
  0.638
  0.611
  0.583
  0.557
  0.531
  0.507
  0.485
  0.465
  0.447
  0.432
  0.420
  0.411
  0.404
  0.400
  0.398
  0.398
  0.400
  0.404
  0.409
  0.414
  0.421
  0.427
  0.434
  0.440
  0.445
  0.449
  0.453
  0.455
  0.456
  0.456
  0.454
  0.452
  0.449
  0.445
  0.441
  0.437
  0.432
  0.428
  0.424
  0.421
  0.419
  0.418
  0.419
  0.421
  0.425
  0.431
  0.439
  0.449
  0.461
  0.475
  0.491
  0.508
  0.526
  0.545
  0.563
  0.582
  0.599
  0.614
  0.628
  0.640
  0.648
  0.654
  0.657
  0.657
  0.654
  0.649
  0.641
  0.630
  0.619
  0.606
  0.592
  0.577
  0.563
  0.549
  0.536
  0.524
  0.514
  0.504
  0.495
  0.488
  0.482
  0.477
  0.472
  0.469
  0.465
  0.463
  0.460
  0.458
  0.457
  0.456
  0.455
  0.455
  0.455
  0.456
  0.458
  0.460
  0.463
  0.467
  0.471
  0.476
  0.481
  0.486
  0.491
  0.496
  0.500
  0.504
  0.507
  0.510
  0.511
  0.511
  0.511
  0.510
  0.508
  0.505
  0.502
  0.499
  0.496
  0.493
  0.490
  0.488
  0.486
  0.484
  0.483
  0.482
  0.481
  0.480
  0.480
  0.479
  0.478
  0.477
  0.476
  0.474
  0.472
  0.469
  0.467
  0.464
  0.461
  0.459
  0.457
  0.455
  0.454
  0.454
  0.454
  0.454
  0.455
  0.457
  0.459
  0.461
  0.463
  0.465
  0.468
  0.469
  0.471
  0.472
  0.473
  0.473
  0.472
  0.471
  0.470
  0.468
  0.465
  0.462
  0.459
  0.455
  0.451
  0.446
  0.442
  0.437
  0.432
  0.427
  0.422
  0.417
  0.412
  0.408
  0.404
  0.400
  0.397
  0.395
  0.393
  0.392
  0.391
  0.390
  0.391
  0.391
  0.392
  0.394
  0.395
  0.397
  0.399
  0.402
  0.404
  0.406
  0.409
  0.411
  0.414
  0.416
  0.418
  0.420
  0.422
  0.423
  0.424
  0.425
  0.425
  0.426
  0.425
  0.425
  0.424
  0.422
  0.420
  0.418
  0.416
  0.414
  0.411
  0.408
  0.406
  0.403
  0.400
  0.398
  0.395
  0.393
  0.391
  0.389
  0.388
  0.386
  0.385
  0.384
  0.384
  0.383
  0.383
  0.383
  0.383
  0.383
  0.384
  0.384
  0.385
  0.386
  0.386
  0.387
  0.388
  0.388
  0.388
  0.389
  0.389
  0.389
  0.388
  0.388
  0.387
  0.387
  0.386
  0.386
  0.385
  0.385
  0.384
  0.384
  0.384
  0.384
  0.385
  0.385
  0.386
  0.387
  0.388
  0.390
  0.392
  0.394
  0.396
  0.398
  0.400
  0.403
  0.406
  0.408
  0.411
  0.414
  0.416
  0.419
  0.422
  0.424
  0.426
  0.428
  0.430
  0.431
  0.431
  0.432
  0.431
  0.431
  0.430
  0.428
  0.427
  0.425
  0.423
  0.421
  0.419
  0.417
  0.415
  0.414
  0.412
  0.410
  0.409
  0.407
  0.406
  0.404
  0.402
  0.401
  0.399
  0.397
  0.395
  0.393
  0.391
  0.389
  0.386
  0.384
  0.381
  0.379
  0.377
  0.375
  0.373
  0.371
  0.369
  0.368
  0.367
  0.366
  0.365
  0.365
  0.364
  0.364
  0.364
  0.363
  0.363
  0.363
  0.363
  0.362
  0.362
  0.361
  0.360
  0.359
  0.357
  0.356
  0.354
  0.352
  0.350
  0.348
  0.345
  0.343
  0.342
  0.340
  0.339
  0.338
  0.337
  0.337
  0.337
  0.337
  0.338
  0.340
  0.341
  0.343
  0.344
  0.346
  0.348
  0.349
  0.351
  0.352
  0.352
  0.353
  0.353
  0.353
  0.352
  0.351
  0.350
  0.349
  0.348
  0.347
  0.346
  0.345
  0.344
  0.343
  0.342
  0.342
  0.341
  0.340
  0.339
  0.338
  0.338
  0.337
  0.336
  0.335
  0.335
  0.334
  0.334
  0.334
  0.334
  0.334
  0.335
  0.335
  0.336
  0.337
  0.338
  0.340
  0.341
  0.342
  0.343
  0.344
  0.344
  0.344
  0.344
  0.344
  0.343
  0.343
  0.342
  0.341
  0.340
  0.339
  0.338
  0.337
  0.337
  0.337
  0.337
  0.337
  0.338
  0.339
  0.340
  0.341
  0.342
  0.344
  0.345
  0.347
  0.348
  0.350
  0.351
  0.352
  0.353
  0.353
  0.354
  0.354
  0.354
  0.353
  0.353
  0.352
  0.351
  0.350
  0.349
  0.347
  0.346
  0.345
  0.344
  0.343
  0.342
  0.341
  0.340
  0.339
  0.338
  0.338
  0.337
  0.337
  0.337
  0.336
  0.336
  0.336
  0.336
  0.336
  0.337
  0.337
  0.338
  0.339
  0.340
  0.341
  0.342
  0.344
  0.346
  0.348
  0.350
  0.351
  0.353
  0.355
  0.356
  0.357
  0.358
  0.358
  0.359
  0.358
  0.358
  0.356
  0.355
  0.353
  0.351
  0.349
  0.346
  0.344
  0.341
  0.338
  0.336
  0.333
  0.331
  0.328
  0.326
  0.324
  0.322
  0.320
  0.318
  0.316
  0.315
  0.313
  0.312
  0.310
  0.309
  0.308
  0.306
  0.305
  0.304
  0.302
  0.301
  0.299
  0.297
  0.295
  0.293
  0.291
  0.288
  0.286
  0.283
  0.281
  0.278
  0.276
  0.274
  0.272
  0.270
  0.268
  0.267
  0.265
  0.264
  0.263
  0.262
  0.262
  0.261
  0.261
  0.261
  0.260
  0.260
  0.260
  0.260
  0.260
  0.260
  0.260
  0.260
  0.261
  0.261
  0.261
  0.261
  0.261
  0.262
  0.262
  0.262
  0.262
  0.263
  0.263
  0.263
  0.263
  0.263
  0.263
  0.263
  0.263
  0.263
  0.263
  0.262
  0.262
  0.262
  0.261
  0.261
  0.260
  0.260
  0.259
  0.259
  0.259
  0.258
  0.258
  0.257
  0.257
  0.257
  0.257
  0.256
  0.256
  0.257
  0.257
  0.257
  0.258
  0.259
  0.259
  0.260
  0.261
  0.263
  0.264
  0.265
  0.266
  0.267
  0.267
  0.268
  0.268
  0.268
  0.267
  0.267
  0.266
  0.265
  0.263
  0.262
  0.261
  0.259
  0.258
  0.257
  0.256
  0.256
  0.255
  0.255
  0.255
  0.255
  0.256
  0.257
  0.258
  0.259
  0.260
  0.261
  0.262
  0.263
  0.264
  0.265
  0.265
  0.265
  0.265
  0.264
  0.263
  0.262
  0.261
  0.260
  0.258
  0.257
  0.255
  0.254
  0.252
  0.251
  0.249
  0.248
  0.246
  0.245
  0.244
  0.242
  0.241
  0.239
  0.238
  0.236
  0.235
  0.233
  0.231
  0.229
  0.228
  0.226
  0.224
  0.222
  0.220
  0.219
  0.218
  0.217
  0.216
  0.215
  0.215
  0.215
  0.215
  0.215
  0.216
  0.216
  0.217
  0.218
  0.219
  0.220
  0.221
  0.222
  0.223
  0.224
  0.225
  0.226
  0.227
  0.228
  0.229
  0.230
  0.230
  0.231
  0.232
  0.233
  0.234
  0.235
  0.236
  0.237
  0.238
  0.238
  0.239
  0.240
  0.240
  0.240
  0.240
  0.240
  0.240
  0.239
  0.238
  0.237
  0.235
  0.234
  0.232
  0.229
  0.227
  0.224
  0.222
  0.219
  0.216
  0.214
  0.211
  0.209
  0.207
  0.206
  0.204
  0.203
  0.202
  0.202
  0.201
  0.201
  0.201
  0.201
  0.200
  0.200
  0.199
  0.199
  0.198
  0.197
  0.195
  0.194
  0.192
  0.191
  0.190
  0.188
  0.187
  0.186
  0.185
  0.184
  0.183
  0.182
  0.182
  0.182
  0.182
  0.182
  0.182
  0.183
  0.183
  0.184
  0.184
  0.185
  0.186
  0.187
  0.187
  0.188
  0.189
  0.190
  0.190
  0.191
  0.192
  0.192
  0.193
  0.193
  0.194
  0.194
  0.195
  0.195
  0.196
  0.196
  0.197
  0.197
  0.198
  0.198
  0.199
  0.199
  0.200
  0.200
  0.200
  0.200
  0.200
  0.201
  0.201
  0.200
  0.200
  0.200
  0.200
  0.200
  0.200
  0.200
  0.199
  0.199
  0.199
  0.199
  0.199
  0.199
  0.200
  0.200
  0.199
  0.199
  0.199
  0.199
  0.198
  0.198
  0.197
  0.196
  0.195
  0.194
  0.193
  0.192
  0.191
  0.190
  0.189
  0.188
  0.188
  0.187
  0.187
  0.187
  0.187
  0.188
  0.189
  0.190
  0.192
  0.193
  0.195
  0.197
  0.199
  0.202
  0.204
  0.206
  0.209
  0.211
  0.214
  0.216
  0.218
  0.220
  0.222
  0.224
  0.225
  0.227
  0.228
  0.229
  0.230
  0.231
  0.231
  0.232
  0.233
  0.233
  0.233
  0.233
  0.233
  0.233
  0.233
  0.232
  0.232
  0.231
  0.231
  0.230
  0.229
  0.228
  0.228
  0.227
  0.226
  0.225
  0.225
  0.224
  0.224
  0.223
  0.223
  0.222
  0.222
  0.222
  0.221
  0.221
  0.221
  0.220
  0.220
  0.219
  0.218
  0.218
  0.217
  0.217
  0.216
  0.216
  0.216
  0.216
  0.216
  0.216
  0.216
  0.217
  0.217
  0.218
  0.218
  0.219
  0.219
  0.220
  0.220
  0.220
  0.221
  0.221
  0.221
  0.221
  0.221
  0.221
  0.221
  0.221
  0.221
  0.221
  0.221
  0.220
  0.220
  0.219
  0.218
  0.217
  0.215
  0.214
  0.213
  0.211
  0.210
  0.208
  0.207
  0.206
  0.205
  0.204
  0.203
  0.202
  0.202
  0.202
  0.202
  0.202
  0.202
  0.203
  0.203
  0.203
  0.204
  0.204
  0.205
  0.205
  0.205
  0.206
  0.206
  0.206
  0.207
  0.207
  0.207
  0.207
  0.207
  0.207
  0.207
  0.207
  0.207
  0.206
  0.206
  0.206
  0.205
  0.205
  0.204
  0.203
  0.203
  0.202
  0.201
  0.200
  0.199
  0.198
  0.197
  0.196
  0.194
  0.193
  0.192
  0.191
  0.190
  0.189
  0.188
  0.187
  0.186
  0.185
  0.184
  0.183
  0.183
  0.182
  0.181
  0.180
  0.179
  0.178
  0.177
  0.176
  0.175
  0.173
  0.172
  0.170
  0.168
  0.166
  0.164
  0.162
  0.160
  0.158
  0.156
  0.154
  0.153
  0.151
  0.149
  0.148
  0.146
  0.145
  0.143
  0.142
  0.141
  0.140
  0.138
  0.137
  0.136
  0.135
  0.134
  0.133
  0.132
  0.131
  0.130
  0.130
  0.129
  0.129
  0.128
  0.128
  0.128
  0.128
  0.128
  0.128
  0.128
  0.127
  0.127
  0.127
  0.127
  0.127
  0.126
  0.126
  0.126
  0.126
  0.126
  0.126
  0.125
  0.125
  0.125
  0.125
  0.125
  0.126
  0.126
  0.126
  0.127
  0.127
  0.128
  0.129
  0.130
  0.131
  0.132
  0.134
  0.136
  0.138
  0.140
  0.142
  0.144
  0.146
  0.149
  0.151
  0.153
  0.155
  0.157
  0.158
  0.160
  0.162
  0.163
  0.164
  0.166
  0.167
  0.168
  0.170
  0.171
  0.173
  0.174
  0.176
  0.177
  0.179
  0.180
  0.182
  0.183
  0.184
  0.185
  0.187
  0.187
  0.188
  0.189
  0.189
  0.190
  0.190
  0.190
  0.190
  0.191
  0.191
  0.191
  0.191
  0.191
  0.192
  0.192
  0.193
  0.193
  0.193
  0.194
  0.194
  0.194
  0.195
  0.195
  0.195
  0.195
  0.195
  0.195
  0.194
  0.194
  0.194
  0.193
  0.192
  0.192
  0.191
  0.190
  0.189
  0.188
  0.187
  0.186
  0.185
  0.184
  0.182
  0.181
  0.179
  0.178
  0.176
  0.174
  0.173
  0.171
  0.169
  0.167
  0.164
  0.162
  0.160
  0.158
  0.156
  0.153
  0.151
  0.149
  0.147
  0.145
  0.143
  0.141
  0.140
  0.138
  0.137
  0.136
  0.135
  0.134
  0.134
  0.133
  0.133
  0.133
  0.133
  0.133
  0.133
  0.133
  0.132
  0.132
  0.132
  0.132
  0.131
  0.131
  0.130
  0.130
  0.129
  0.129
  0.128
  0.128
  0.127
  0.127
  0.127
  0.127
  0.127
  0.127
  0.127
  0.127
  0.127
  0.127
  0.127
  0.127
  0.127
  0.127
  0.126
  0.126
  0.125
  0.125
  0.124
  0.123
  0.123
  0.122
  0.122
  0.121
  0.121
  0.121
  0.121
  0.122
  0.122
  0.123
  0.124
  0.124
  0.125
  0.126
  0.127
  0.128
  0.128
  0.129
  0.129
  0.130
  0.130
  0.131
  0.131
  0.132
  0.132
  0.133
  0.134
  0.135
  0.136
  0.137
  0.138
  0.140
  0.141
  0.142
  0.144
  0.145
  0.146
  0.147
  0.148
  0.149
  0.150
  0.150
  0.151
  0.151
  0.152
  0.152
  0.152
  0.152
  0.152
  0.152
  0.152
  0.152
  0.152
  0.151
  0.151
  0.151
  0.151
  0.151
  0.150
  0.150
  0.150
  0.149
  0.149
  0.149
  0.149
  0.148
  0.148
  0.148
  0.148
  0.148
  0.147
  0.147
  0.147
  0.147
  0.147
  0.147
  0.147
  0.147
  0.147
  0.147
  0.148
  0.148
  0.149
  0.149
  0.150
  0.151
  0.151
  0.152
  0.154
  0.155
  0.156
  0.158
  0.159
  0.161
  0.163
  0.165
  0.167
  0.169
  0.172
  0.174
  0.176
  0.178
  0.180
  0.182
  0.184
  0.185
  0.187
  0.188
  0.189
  0.189
  0.189
  0.189
  0.188
  0.187
  0.185
  0.183
  0.180
  0.177
  0.173
  0.169
  0.164
  0.159
  0.154
  0.148
  0.142
  0.136
  0.129
  0.123
  0.116
  0.109
  0.103
  0.096
  0.090
  0.084
  0.079
  0.073
  0.068
  0.063
  0.059
  0.055
  0.051
  0.048
  0.045
  0.043
  0.040
  0.038
  0.037
  0.035
  0.034
  0.033
  0.032
  0.031
  0.030
  0.029
  0.028
  0.027
  0.026
  0.025
  0.024
  0.023
  0.022
  0.021
  0.020
  0.019
  0.018
  0.017
  0.016
  0.016
  0.015
  0.015
  0.015
  0.015
  0.015
  0.015
  0.015
  0.015
  0.015
  0.015
  0.015
  0.014
  0.014
  0.014
  0.013
  0.013
  0.012
  0.012
  0.011
  0.011
  0.011
  0.011
  0.011
  0.011
  0.011
  0.011
  0.011
  0.012
  0.012
  0.013
  0.013
  0.014
  0.015
  0.016
  0.017
  0.018
  0.019
  0.021
  0.023
  0.025
  0.028
  0.031
  0.034
  0.038
  0.041
  0.045
  0.049
  0.053
  0.057
  0.061
  0.066
  0.070
  0.074
  0.078
  0.082
  0.086
  0.089
  0.093
  0.097
  0.100
  0.104
  0.107
  0.110
  0.113
  0.115
  0.117
  0.119
  0.121
  0.123
  0.123
  0.124
  0.124
  0.123
  0.123
  0.121
  0.119
  0.117
  0.115
  0.112
  0.110
  0.108
  0.106
  0.104
  0.102
  0.100
  0.098
  0.096
  0.094
  0.092
  0.090
  0.088
  0.086
  0.084
  0.082
  0.080
  0.078
  0.076
  0.074
  0.071
  0.069
  0.067
  0.065
  0.063
  0.061
  0.059
  0.057
  0.055
  0.053
  0.051
  0.049
  0.047
  0.045
  0.043
  0.041
  0.039
  0.037
  0.035
  0.033
  0.031
  0.029
  0.027
  0.024
  0.022
  0.020
  0.018
  0.016
  0.014
  0.012
  0.010
  0.008
  0.006
  0.004
  0.002
