  0.000
  0.006
  0.011
  0.014
  0.016
  0.018
  0.018
  0.018
  0.018
  0.018
  0.019
  0.020
  0.021
  0.023
  0.025
  0.028
  0.030
  0.033
  0.035
  0.038
  0.040
  0.042
  0.045
  0.047
  0.049
  0.050
  0.052
  0.053
  0.054
  0.055
  0.055
  0.055
  0.055
  0.054
  0.054
  0.053
  0.052
  0.050
  0.048
  0.047
  0.045
  0.042
  0.040
  0.038
  0.036
  0.033
  0.031
  0.029
  0.028
  0.026
  0.025
  0.024
  0.024
  0.024
  0.024
  0.025
  0.026
  0.028
  0.030
  0.033
  0.036
  0.040
  0.043
  0.047
  0.052
  0.056
  0.060
  0.065
  0.069
  0.074
  0.078
  0.082
  0.085
  0.088
  0.091
  0.093
  0.095
  0.096
  0.097
  0.097
  0.097
  0.097
  0.096
  0.095
  0.094
  0.093
  0.092
  0.092
  0.093
  0.096
  0.100
  0.107
  0.116
  0.129
  0.147
  0.169
  0.198
  0.233
  0.275
  0.325
  0.384
  0.452
  0.530
  0.617
  0.713
  0.820
  0.935
  1.060
  1.194
  1.335
  1.484
  1.639
  1.800
  1.967
  2.138
  2.313
  2.491
  2.673
  2.856
  3.042
  3.230
  3.418
  3.608
  3.799
  3.991
  4.183
  4.375
  4.567
  4.759
  4.950
  5.140
  5.328
  5.515
  5.700
  5.882
  6.062
  6.238
  6.410
  6.579
  6.744
  6.904
  7.060
  7.211
  7.357
  7.499
  7.637
  7.769
  7.898
  8.022
  8.143
  8.259
  8.372
  8.481
  8.587
  8.690
  8.790
  8.887
  8.981
  9.072
  9.161
  9.246
  9.330
  9.410
  9.488
  9.564
  9.637
  9.707
  9.774
  9.839
  9.902
  9.961
 10.018
 10.072
 10.124
 10.173
 10.219
 10.263
 10.304
 10.343
 10.380
 10.414
 10.445
 10.474
 10.501
 10.525
 10.547
 10.566
 10.584
 10.599
 10.613
 10.625
 10.635
 10.643
 10.651
 10.657
 10.662
 10.667
 10.671
 10.674
 10.677
 10.679
 10.681
 10.682
 10.684
 10.684
 10.684
 10.683
 10.682
 10.680
 10.677
 10.672
 10.667
 10.659
 10.651
 10.640
 10.627
 10.611
 10.593
 10.572
 10.547
 10.518
 10.485
 10.448
 10.406
 10.360
 10.309
 10.253
 10.191
 10.126
 10.055
  9.980
  9.900
  9.817
  9.729
  9.638
  9.544
  9.448
  9.349
  9.248
  9.145
  9.042
  8.938
  8.834
  8.730
  8.626
  8.523
  8.421
  8.320
  8.221
  8.122
  8.025
  7.930
  7.836
  7.743
  7.653
  7.565
  7.479
  7.396
  7.315
  7.237
  7.163
  7.092
  7.024
  6.960
  6.899
  6.841
  6.786
  6.734
  6.685
  6.637
  6.592
  6.548
  6.505
  6.463
  6.422
  6.380
  6.338
  6.295
  6.251
  6.207
  6.161
  6.115
  6.067
  6.020
  5.973
  5.928
  5.883
  5.841
  5.801
  5.763
  5.727
  5.693
  5.660
  5.627
  5.593
  5.556
  5.515
  5.469
  5.418
  5.362
  5.299
  5.230
  5.155
  5.077
  4.997
  4.916
  4.838
  4.763
  4.693
  4.632
  4.580
  4.540
  4.512
  4.495
  4.490
  4.495
  4.511
  4.536
  4.567
  4.601
  4.636
  4.670
  4.700
  4.725
  4.742
  4.750
  4.746
  4.731
  4.706
  4.672
  4.628
  4.577
  4.520
  4.458
  4.394
  4.330
  4.267
  4.206
  4.148
  4.093
  4.042
  3.995
  3.952
  3.912
  3.876
  3.842
  3.811
  3.782
  3.755
  3.730
  3.707
  3.686
  3.668
  3.651
  3.637
  3.624
  3.612
  3.602
  3.592
  3.582
  3.571
  3.557
  3.542
  3.525
  3.504
  3.481
  3.454
  3.424
  3.392
  3.357
  3.322
  3.285
  3.248
  3.211
  3.176
  3.143
  3.113
  3.085
  3.062
  3.043
  3.028
  3.017
  3.011
  3.009
  3.009
  3.011
  3.014
  3.018
  3.020
  3.021
  3.019
  3.013
  3.004
  2.991
  2.974
  2.953
  2.928
  2.901
  2.871
  2.839
  2.807
  2.773
  2.741
  2.709
  2.680
  2.654
  2.632
  2.614
  2.602
  2.597
  2.598
  2.607
  2.622
  2.644
  2.671
  2.703
  2.739
  2.777
  2.816
  2.855
  2.891
  2.924
  2.954
  2.979
  2.999
  3.014
  3.024
  3.028
  3.027
  3.020
  3.009
  2.993
  2.972
  2.946
  2.916
  2.882
  2.843
  2.801
  2.754
  2.704
  2.651
  2.595
  2.537
  2.478
  2.419
  2.360
  2.303
  2.248
  2.196
  2.148
  2.106
  2.069
  2.038
  2.013
  1.994
  1.981
  1.975
  1.973
  1.975
  1.981
  1.989
  1.998
  2.008
  2.017
  2.026
  2.034
  2.039
  2.042
  2.042
  2.041
  2.038
  2.032
  2.025
  2.016
  2.006
  1.994
  1.981
  1.968
  1.954
  1.939
  1.925
  1.910
  1.896
  1.883
  1.870
  1.857
  1.845
  1.834
  1.823
  1.812
  1.802
  1.791
  1.781
  1.772
  1.762
  1.753
  1.743
  1.734
  1.724
  1.714
  1.703
  1.691
  1.679
  1.665
  1.650
  1.634
  1.618
  1.602
  1.586
  1.572
  1.561
  1.553
  1.547
  1.545
  1.546
  1.550
  1.557
  1.565
  1.574
  1.582
  1.588
  1.590
  1.589
  1.585
  1.576
  1.563
  1.545
  1.524
  1.500
  1.475
  1.450
  1.425
  1.402
  1.381
  1.362
  1.347
  1.336
  1.328
  1.322
  1.318
  1.316
  1.313
  1.311
  1.307
  1.303
  1.296
  1.287
  1.276
  1.264
  1.251
  1.238
  1.225
  1.214
  1.204
  1.196
  1.191
  1.189
  1.190
  1.194
  1.199
  1.206
  1.214
  1.222
  1.231
  1.238
  1.245
  1.251
  1.255
  1.258
  1.260
  1.260
  1.260
  1.258
  1.256
  1.252
  1.248
  1.244
  1.238
  1.233
  1.227
  1.221
  1.215
  1.208
  1.202
  1.195
  1.188
  1.181
  1.173
  1.165
  1.156
  1.147
  1.138
  1.128
  1.118
  1.109
  1.101
  1.094
  1.089
  1.084
  1.081
  1.078
  1.077
  1.076
  1.074
  1.071
  1.066
  1.058
  1.047
  1.033
  1.015
  0.993
  0.968
  0.939
  0.909
  0.876
  0.844
  0.811
  0.780
  0.750
  0.723
  0.699
  0.679
  0.662
  0.649
  0.639
  0.632
  0.628
  0.626
  0.627
  0.629
  0.632
  0.636
  0.641
  0.646
  0.653
  0.661
  0.670
  0.680
  0.691
  0.704
  0.719
  0.735
  0.753
  0.772
  0.792
  0.812
  0.832
  0.852
  0.870
  0.886
  0.899
  0.909
  0.916
  0.920
  0.920
  0.917
  0.910
  0.901
  0.890
  0.878
  0.865
  0.852
  0.841
  0.830
  0.822
  0.815
  0.812
  0.812
  0.814
  0.818
  0.825
  0.833
  0.843
  0.853
  0.864
  0.874
  0.884
  0.892
  0.899
  0.905
  0.909
  0.912
  0.913
  0.913
  0.912
  0.911
  0.910
  0.908
  0.907
  0.905
  0.904
  0.904
  0.904
  0.904
  0.903
  0.903
  0.902
  0.901
  0.899
  0.896
  0.893
  0.890
  0.885
  0.881
  0.876
  0.870
  0.865
  0.860
  0.854
  0.849
  0.843
  0.838
  0.834
  0.829
  0.826
  0.823
  0.821
  0.819
  0.818
  0.818
  0.818
  0.818
  0.818
  0.818
  0.816
  0.813
  0.808
  0.801
  0.793
  0.781
  0.768
  0.751
  0.733
  0.713
  0.692
  0.669
  0.647
  0.624
  0.602
  0.582
  0.564
  0.549
  0.536
  0.527
  0.522
  0.520
  0.523
  0.529
  0.539
  0.552
  0.568
  0.587
  0.607
  0.627
  0.648
  0.668
  0.685
  0.701
  0.713
  0.722
  0.728
  0.728
  0.725
  0.719
  0.709
  0.697
  0.683
  0.667
  0.652
  0.637
  0.624
  0.613
  0.605
  0.600
  0.597
  0.597
  0.600
  0.604
  0.610
  0.616
  0.621
  0.626
  0.628
  0.629
  0.627
  0.623
  0.616
  0.608
  0.598
  0.587
  0.576
  0.565
  0.556
  0.548
  0.542
  0.539
  0.539
  0.541
  0.545
  0.551
  0.558
  0.567
  0.576
  0.585
  0.594
  0.602
  0.609
  0.615
  0.620
  0.623
  0.625
  0.626
  0.627
  0.626
  0.624
  0.622
  0.620
  0.617
  0.615
  0.612
  0.609
  0.607
  0.604
  0.602
  0.601
  0.600
  0.599
  0.599
  0.598
  0.598
  0.598
  0.597
  0.597
  0.595
  0.594
  0.591
  0.589
  0.585
  0.582
  0.578
  0.574
  0.570
  0.567
  0.563
  0.560
  0.557
  0.555
  0.553
  0.550
  0.548
  0.546
  0.542
  0.538
  0.534
  0.528
  0.522
  0.515
  0.508
  0.500
  0.492
  0.486
  0.480
  0.476
  0.473
  0.472
  0.473
  0.476
  0.481
  0.488
  0.495
  0.504
  0.512
  0.521
  0.529
  0.536
  0.541
  0.545
  0.547
  0.547
  0.545
  0.541
  0.535
  0.527
  0.519
  0.509
  0.499
  0.489
  0.479
  0.469
  0.460
  0.453
  0.447
  0.442
  0.440
  0.438
  0.439
  0.440
  0.443
  0.447
  0.451
  0.455
  0.458
  0.462
  0.464
  0.466
  0.467
  0.467
  0.466
  0.464
  0.462
  0.459
  0.456
  0.453
  0.450
  0.447
  0.444
  0.441
  0.438
  0.436
  0.434
  0.432
  0.431
  0.430
  0.430
  0.429
  0.430
  0.430
  0.431
  0.432
  0.433
  0.434
  0.435
  0.436
  0.437
  0.438
  0.439
  0.440
  0.442
  0.444
  0.447
  0.450
  0.453
  0.458
  0.462
  0.467
  0.472
  0.477
  0.482
  0.486
  0.490
  0.493
  0.496
  0.497
  0.498
  0.499
  0.499
  0.499
  0.498
  0.499
  0.499
  0.500
  0.502
  0.504
  0.507
  0.511
  0.515
  0.519
  0.523
  0.526
  0.529
  0.532
  0.533
  0.533
  0.532
  0.531
  0.528
  0.524
  0.519
  0.514
  0.508
  0.503
  0.497
  0.491
  0.486
  0.481
  0.477
  0.473
  0.469
  0.466
  0.463
  0.461
  0.459
  0.457
  0.456
  0.455
  0.454
  0.454
  0.453
  0.453
  0.453
  0.452
  0.452
  0.452
  0.452
  0.452
  0.452
  0.452
  0.452
  0.453
  0.454
  0.455
  0.457
  0.459
  0.461
  0.464
  0.467
  0.470
  0.473
  0.477
  0.480
  0.484
  0.487
  0.490
  0.493
  0.495
  0.496
  0.496
  0.495
  0.492
  0.489
  0.485
  0.480
  0.474
  0.468
  0.462
  0.456
  0.451
  0.446
  0.441
  0.437
  0.434
  0.430
  0.427
  0.424
  0.421
  0.418
  0.413
  0.408
  0.402
  0.396
  0.390
  0.382
  0.375
  0.368
  0.361
  0.356
  0.351
  0.347
  0.344
  0.342
  0.342
  0.343
  0.345
  0.348
  0.352
  0.357
  0.362
  0.368
  0.373
  0.379
  0.384
  0.389
  0.394
  0.398
  0.401
  0.404
  0.406
  0.408
  0.409
  0.410
  0.410
  0.410
  0.410
  0.410
  0.410
  0.409
  0.409
  0.408
  0.407
  0.407
  0.406
  0.405
  0.404
  0.403
  0.402
  0.401
  0.400
  0.399
  0.397
  0.396
  0.395
  0.393
  0.392
  0.390
  0.389
  0.387
  0.386
  0.385
  0.383
  0.382
  0.381
  0.380
  0.379
  0.378
  0.377
  0.376
  0.375
  0.375
  0.374
  0.373
  0.373
  0.372
  0.372
  0.371
  0.371
  0.370
  0.370
  0.369
  0.369
  0.368
  0.367
  0.367
  0.366
  0.366
  0.365
  0.365
  0.364
  0.363
  0.363
  0.362
  0.362
  0.361
  0.360
  0.360
  0.359
  0.358
  0.358
  0.357
  0.357
  0.356
  0.356
  0.355
  0.355
  0.355
  0.355
  0.354
  0.354
  0.354
  0.354
  0.354
  0.354
  0.354
  0.354
  0.353
  0.353
  0.353
  0.353
  0.353
  0.353
  0.354
  0.354
  0.354
  0.354
  0.355
  0.355
  0.355
  0.356
  0.356
  0.356
  0.356
  0.356
  0.357
  0.357
  0.357
  0.357
  0.357
  0.356
  0.356
  0.356
  0.356
  0.355
  0.355
  0.355
  0.354
  0.354
  0.354
  0.353
  0.353
  0.352
  0.351
  0.351
  0.350
  0.349
  0.348
  0.347
  0.347
  0.346
  0.345
  0.344
  0.343
  0.342
  0.342
  0.341
  0.340
  0.340
  0.339
  0.339
  0.338
  0.338
  0.338
  0.337
  0.337
  0.336
  0.336
  0.335
  0.335
  0.334
  0.333
  0.332
  0.331
  0.330
  0.329
  0.328
  0.327
  0.326
  0.325
  0.324
  0.323
  0.322
  0.321
  0.321
  0.320
  0.319
  0.319
  0.318
  0.318
  0.318
  0.317
  0.317
  0.317
  0.316
  0.316
  0.316
  0.315
  0.315
  0.315
  0.315
  0.314
  0.314
  0.314
  0.314
  0.314
  0.313
  0.313
  0.313
  0.313
  0.313
  0.312
  0.312
  0.312
  0.312
  0.311
  0.311
  0.311
  0.311
  0.311
  0.310
  0.310
  0.310
  0.309
  0.309
  0.309
  0.308
  0.308
  0.307
  0.307
  0.306
  0.305
  0.304
  0.303
  0.302
  0.301
  0.300
  0.299
  0.298
  0.297
  0.296
  0.295
  0.294
  0.293
  0.292
  0.291
  0.291
  0.290
  0.289
  0.289
  0.289
  0.288
  0.288
  0.288
  0.288
  0.288
  0.288
  0.287
  0.287
  0.288
  0.288
  0.288
  0.288
  0.288
  0.288
  0.288
  0.288
  0.288
  0.288
  0.288
  0.288
  0.288
  0.288
  0.288
  0.288
  0.288
  0.288
  0.288
  0.288
  0.288
  0.288
  0.288
  0.288
  0.288
  0.288
  0.288
  0.288
  0.289
  0.289
  0.289
  0.289
  0.289
  0.289
  0.289
  0.289
  0.289
  0.288
  0.288
  0.288
  0.288
  0.287
  0.286
  0.286
  0.285
  0.284
  0.283
  0.282
  0.281
  0.280
  0.279
  0.277
  0.276
  0.275
  0.274
  0.273
  0.272
  0.271
  0.270
  0.269
  0.268
  0.268
  0.267
  0.267
  0.266
  0.266
  0.266
  0.265
  0.265
  0.264
  0.264
  0.263
  0.262
  0.262
  0.261
  0.260
  0.259
  0.258
  0.257
  0.255
  0.254
  0.253
  0.251
  0.250
  0.249
  0.247
  0.246
  0.244
  0.243
  0.242
  0.241
  0.240
  0.239
  0.238
  0.238
  0.237
  0.237
  0.237
  0.237
  0.238
  0.238
  0.239
  0.239
  0.240
  0.241
  0.242
  0.243
  0.244
  0.245
  0.246
  0.247
  0.247
  0.248
  0.248
  0.249
  0.249
  0.249
  0.248
  0.248
  0.248
  0.247
  0.246
  0.245
  0.244
  0.243
  0.242
  0.241
  0.240
  0.239
  0.238
  0.237
  0.235
  0.234
  0.233
  0.232
  0.231
  0.230
  0.230
  0.229
  0.228
  0.228
  0.227
  0.227
  0.226
  0.226
  0.225
  0.225
  0.225
  0.224
  0.224
  0.224
  0.224
  0.224
  0.223
  0.223
  0.223
  0.223
  0.223
  0.223
  0.223
  0.223
  0.223
  0.223
  0.223
  0.223
  0.223
  0.223
  0.222
  0.222
  0.222
  0.222
  0.221
  0.221
  0.220
  0.220
  0.220
  0.219
  0.219
  0.218
  0.218
  0.218
  0.218
  0.218
  0.218
  0.218
  0.218
  0.218
  0.218
  0.219
  0.219
  0.219
  0.219
  0.219
  0.219
  0.218
  0.218
  0.217
  0.217
  0.216
  0.215
  0.214
  0.213
  0.212
  0.211
  0.210
  0.209
  0.207
  0.206
  0.205
  0.204
  0.204
  0.203
  0.202
  0.201
  0.200
  0.200
  0.199
  0.199
  0.198
  0.198
  0.197
  0.197
  0.196
  0.196
  0.196
  0.195
  0.195
  0.195
  0.195
  0.195
  0.195
  0.195
  0.195
  0.195
  0.195
  0.195
  0.195
  0.195
  0.195
  0.196
  0.196
  0.196
  0.196
  0.196
  0.196
  0.196
  0.195
  0.195
  0.195
  0.195
  0.195
  0.194
  0.194
  0.194
  0.194
  0.194
  0.193
  0.193
  0.193
  0.193
  0.193
  0.193
  0.193
  0.193
  0.193
  0.193
  0.193
  0.193
  0.193
  0.193
  0.193
  0.193
  0.193
  0.192
  0.192
  0.192
  0.192
  0.192
  0.191
  0.191
  0.191
  0.191
  0.190
  0.190
  0.190
  0.190
  0.189
  0.189
  0.189
  0.188
  0.188
  0.187
  0.186
  0.186
  0.185
  0.185
  0.184
  0.183
  0.182
  0.182
  0.181
  0.181
  0.180
  0.180
  0.179
  0.179
  0.179
  0.179
  0.179
  0.179
  0.179
  0.179
  0.179
  0.179
  0.179
  0.179
  0.179
  0.178
  0.178
  0.178
  0.177
  0.177
  0.176
  0.176
  0.175
  0.175
  0.174
  0.174
  0.173
  0.173
  0.173
  0.172
  0.172
  0.172
  0.172
  0.172
  0.172
  0.172
  0.172
  0.172
  0.172
  0.172
  0.172
  0.172
  0.172
  0.173
  0.173
  0.173
  0.174
  0.174
  0.174
  0.175
  0.175
  0.175
  0.176
  0.176
  0.176
  0.176
  0.176
  0.176
  0.176
  0.176
  0.176
  0.176
  0.176
  0.176
  0.175
  0.175
  0.175
  0.174
  0.174
  0.174
  0.173
  0.173
  0.173
  0.173
  0.173
  0.172
  0.172
  0.172
  0.173
  0.173
  0.173
  0.173
  0.174
  0.174
  0.174
  0.175
  0.175
  0.176
  0.176
  0.177
  0.177
  0.178
  0.178
  0.178
  0.179
  0.179
  0.179
  0.179
  0.179
  0.179
  0.178
  0.178
  0.178
  0.177
  0.177
  0.176
  0.176
  0.175
  0.175
  0.174
  0.173
  0.173
  0.172
  0.172
  0.171
  0.170
  0.170
  0.169
  0.168
  0.168
  0.167
  0.166
  0.166
  0.165
  0.165
  0.164
  0.163
  0.163
  0.162
  0.162
  0.161
  0.161
  0.160
  0.160
  0.160
  0.160
  0.160
  0.160
  0.160
  0.160
  0.160
  0.160
  0.160
  0.160
  0.161
  0.161
  0.161
  0.161
  0.161
  0.161
  0.161
  0.161
  0.161
  0.161
  0.160
  0.160
  0.160
  0.160
  0.160
  0.159
  0.159
  0.159
  0.159
  0.159
  0.158
  0.158
  0.158
  0.158
  0.158
  0.158
  0.158
  0.159
  0.159
  0.159
  0.159
  0.159
  0.160
  0.160
  0.160
  0.160
  0.160
  0.160
  0.160
  0.160
  0.160
  0.160
  0.160
  0.160
  0.160
  0.160
  0.160
  0.160
  0.160
  0.160
  0.159
  0.159
  0.159
  0.159
  0.159
  0.158
  0.158
  0.158
  0.157
  0.157
  0.157
  0.157
  0.156
  0.156
  0.156
  0.156
  0.155
  0.155
  0.155
  0.155
  0.155
  0.155
  0.154
  0.154
  0.154
  0.154
  0.154
  0.155
  0.155
  0.155
  0.155
  0.155
  0.155
  0.155
  0.155
  0.155
  0.154
  0.154
  0.154
  0.154
  0.153
  0.153
  0.153
  0.153
  0.153
  0.153
  0.152
  0.152
  0.153
  0.153
  0.153
  0.153
  0.153
  0.153
  0.154
  0.154
  0.154
  0.154
  0.153
  0.153
  0.153
  0.152
  0.152
  0.151
  0.150
  0.149
  0.148
  0.147
  0.146
  0.144
  0.143
  0.142
  0.140
  0.139
  0.138
  0.136
  0.135
  0.134
  0.133
  0.133
  0.132
  0.131
  0.131
  0.131
  0.131
  0.131
  0.131
  0.131
  0.132
  0.133
  0.133
  0.134
  0.135
  0.136
  0.136
  0.137
  0.138
  0.139
  0.140
  0.140
  0.141
  0.141
  0.142
  0.142
  0.142
  0.142
  0.142
  0.141
  0.141
  0.140
  0.140
  0.139
  0.139
  0.138
  0.137
  0.137
  0.136
  0.135
  0.135
  0.134
  0.133
  0.133
  0.132
  0.132
  0.132
  0.132
  0.132
  0.133
  0.132
  0.132
  0.130
  0.128
  0.126
  0.123
  0.121
  0.118
  0.116
  0.114
  0.112
  0.110
  0.108
  0.106
  0.103
  0.101
  0.099
  0.097
  0.094
  0.092
  0.090
  0.088
  0.086
  0.083
  0.081
  0.079
  0.077
  0.075
  0.072
  0.070
  0.068
  0.066
  0.064
  0.062
  0.059
  0.057
  0.055
  0.053
  0.051
  0.048
  0.046
  0.044
  0.042
  0.040
  0.037
  0.035
  0.033
  0.031
  0.029
  0.026
  0.024
  0.022
  0.020
  0.018
  0.015
  0.013
  0.011
  0.009
  0.007
  0.004
  0.002
