  0.000
  0.001
  0.003
  0.003
  0.004
  0.004
  0.004
  0.004
  0.004
  0.004
  0.004
  0.003
  0.003
  0.003
  0.003
  0.003
  0.003
  0.003
  0.003
  0.003
  0.003
  0.003
  0.003
  0.003
  0.003
  0.003
  0.003
  0.003
  0.003
  0.004
  0.004
  0.004
  0.004
  0.004
  0.004
  0.005
  0.005
  0.005
  0.005
  0.005
  0.005
  0.005
  0.005
  0.005
  0.005
  0.005
  0.005
  0.005
  0.005
  0.005
  0.006
  0.006
  0.006
  0.006
  0.006
  0.006
  0.006
  0.005
  0.005
  0.005
  0.005
  0.004
  0.004
  0.004
  0.004
  0.003
  0.003
  0.003
  0.003
  0.002
  0.002
  0.002
  0.002
  0.002
  0.001
  0.001
  0.001
  0.001
  0.001
  0.001
  0.001
  0.000
  0.001
  0.001
  0.001
  0.002
  0.003
  0.004
  0.005
  0.007
  0.009
  0.011
  0.014
  0.017
  0.021
  0.025
  0.029
  0.033
  0.038
  0.042
  0.047
  0.052
  0.057
  0.062
  0.067
  0.073
  0.078
  0.083
  0.089
  0.095
  0.101
  0.107
  0.113
  0.121
  0.128
  0.137
  0.146
  0.156
  0.167
  0.179
  0.192
  0.207
  0.223
  0.240
  0.259
  0.281
  0.304
  0.329
  0.356
  0.386
  0.419
  0.454
  0.493
  0.534
  0.578
  0.625
  0.675
  0.729
  0.785
  0.845
  0.908
  0.973
  1.042
  1.113
  1.186
  1.263
  1.341
  1.422
  1.505
  1.589
  1.676
  1.764
  1.853
  1.944
  2.036
  2.128
  2.222
  2.316
  2.410
  2.504
  2.598
  2.691
  2.784
  2.876
  2.967
  3.057
  3.145
  3.232
  3.317
  3.400
  3.481
  3.559
  3.634
  3.707
  3.777
  3.844
  3.908
  3.969
  4.026
  4.080
  4.131
  4.179
  4.224
  4.267
  4.307
  4.344
  4.380
  4.413
  4.445
  4.475
  4.504
  4.531
  4.557
  4.582
  4.605
  4.626
  4.646
  4.664
  4.680
  4.694
  4.707
  4.718
  4.728
  4.736
  4.743
  4.750
  4.755
  4.761
  4.766
  4.770
  4.775
  4.780
  4.784
  4.789
  4.793
  4.797
  4.800
  4.802
  4.804
  4.804
  4.804
  4.802
  4.798
  4.793
  4.787
  4.779
  4.769
  4.758
  4.745
  4.730
  4.712
  4.693
  4.672
  4.648
  4.623
  4.596
  4.567
  4.537
  4.507
  4.476
  4.445
  4.415
  4.387
  4.359
  4.334
  4.310
  4.289
  4.270
  4.253
  4.238
  4.224
  4.211
  4.198
  4.185
  4.172
  4.159
  4.144
  4.128
  4.111
  4.094
  4.077
  4.059
  4.041
  4.025
  4.009
  3.995
  3.983
  3.973
  3.965
  3.958
  3.952
  3.948
  3.944
  3.941
  3.937
  3.933
  3.928
  3.921
  3.913
  3.904
  3.892
  3.879
  3.864
  3.847
  3.828
  3.807
  3.786
  3.762
  3.738
  3.712
  3.686
  3.658
  3.630
  3.602
  3.573
  3.543
  3.514
  3.484
  3.455
  3.426
  3.397
  3.369
  3.342
  3.315
  3.289
  3.264
  3.239
  3.216
  3.192
  3.169
  3.146
  3.123
  3.100
  3.077
  3.054
  3.030
  3.006
  2.982
  2.958
  2.933
  2.909
  2.885
  2.861
  2.837
  2.815
  2.793
  2.771
  2.751
  2.732
  2.713
  2.695
  2.678
  2.662
  2.647
  2.631
  2.616
  2.601
  2.586
  2.571
  2.556
  2.540
  2.523
  2.506
  2.488
  2.470
  2.451
  2.432
  2.413
  2.393
  2.374
  2.355
  2.336
  2.317
  2.299
  2.281
  2.265
  2.249
  2.233
  2.218
  2.205
  2.191
  2.179
  2.166
  2.155
  2.144
  2.133
  2.123
  2.113
  2.103
  2.093
  2.083
  2.073
  2.063
  2.053
  2.043
  2.033
  2.023
  2.012
  2.002
  1.991
  1.981
  1.970
  1.960
  1.950
  1.939
  1.929
  1.918
  1.908
  1.897
  1.886
  1.875
  1.864
  1.852
  1.841
  1.829
  1.818
  1.806
  1.795
  1.784
  1.774
  1.763
  1.754
  1.744
  1.735
  1.727
  1.719
  1.711
  1.703
  1.695
  1.687
  1.680
  1.672
  1.664
  1.656
  1.647
  1.639
  1.630
  1.622
  1.613
  1.604
  1.596
  1.588
  1.580
  1.572
  1.564
  1.558
  1.551
  1.545
  1.539
  1.534
  1.529
  1.524
  1.520
  1.515
  1.511
  1.506
  1.501
  1.496
  1.490
  1.484
  1.477
  1.469
  1.462
  1.453
  1.444
  1.435
  1.426
  1.416
  1.406
  1.397
  1.388
  1.379
  1.370
  1.363
  1.355
  1.349
  1.343
  1.338
  1.333
  1.329
  1.325
  1.321
  1.318
  1.315
  1.311
  1.308
  1.304
  1.300
  1.296
  1.292
  1.288
  1.283
  1.279
  1.274
  1.270
  1.265
  1.260
  1.255
  1.251
  1.246
  1.241
  1.237
  1.232
  1.228
  1.223
  1.219
  1.214
  1.210
  1.205
  1.201
  1.196
  1.192
  1.187
  1.183
  1.178
  1.173
  1.168
  1.163
  1.158
  1.152
  1.147
  1.141
  1.135
  1.129
  1.123
  1.117
  1.110
  1.104
  1.097
  1.091
  1.084
  1.078
  1.072
  1.066
  1.060
  1.055
  1.050
  1.045
  1.040
  1.036
  1.032
  1.028
  1.024
  1.020
  1.017
  1.013
  1.010
  1.007
  1.004
  1.001
  0.998
  0.995
  0.993
  0.990
  0.987
  0.985
  0.982
  0.980
  0.977
  0.974
  0.972
  0.969
  0.966
  0.963
  0.960
  0.957
  0.954
  0.950
  0.947
  0.944
  0.941
  0.937
  0.934
  0.930
  0.927
  0.923
  0.920
  0.916
  0.912
  0.908
  0.904
  0.900
  0.896
  0.892
  0.888
  0.884
  0.879
  0.875
  0.872
  0.868
  0.864
  0.861
  0.858
  0.855
  0.852
  0.850
  0.847
  0.845
  0.843
  0.841
  0.840
  0.838
  0.837
  0.835
  0.834
  0.832
  0.831
  0.829
  0.827
  0.825
  0.823
  0.821
  0.819
  0.817
  0.815
  0.812
  0.810
  0.807
  0.805
  0.803
  0.801
  0.798
  0.796
  0.794
  0.791
  0.789
  0.787
  0.785
  0.782
  0.780
  0.777
  0.775
  0.772
  0.769
  0.767
  0.764
  0.761
  0.758
  0.756
  0.753
  0.750
  0.747
  0.745
  0.742
  0.740
  0.738
  0.735
  0.733
  0.731
  0.728
  0.726
  0.724
  0.722
  0.720
  0.718
  0.716
  0.714
  0.712
  0.711
  0.709
  0.707
  0.705
  0.703
  0.702
  0.700
  0.698
  0.696
  0.694
  0.693
  0.691
  0.689
  0.688
  0.686
  0.684
  0.683
  0.682
  0.680
  0.679
  0.677
  0.676
  0.675
  0.673
  0.672
  0.671
  0.669
  0.668
  0.667
  0.665
  0.664
  0.662
  0.661
  0.660
  0.658
  0.657
  0.655
  0.654
  0.652
  0.650
  0.649
  0.647
  0.645
  0.643
  0.641
  0.639
  0.637
  0.635
  0.633
  0.631
  0.629
  0.627
  0.625
  0.622
  0.620
  0.618
  0.616
  0.614
  0.612
  0.610
  0.608
  0.606
  0.604
  0.603
  0.601
  0.600
  0.598
  0.597
  0.595
  0.594
  0.593
  0.591
  0.590
  0.589
  0.587
  0.586
  0.584
  0.583
  0.581
  0.579
  0.578
  0.576
  0.574
  0.572
  0.570
  0.568
  0.566
  0.564
  0.562
  0.560
  0.558
  0.557
  0.555
  0.554
  0.553
  0.552
  0.551
  0.550
  0.550
  0.549
  0.549
  0.548
  0.548
  0.547
  0.546
  0.545
  0.543
  0.542
  0.540
  0.538
  0.536
  0.534
  0.532
  0.529
  0.527
  0.525
  0.522
  0.520
  0.517
  0.514
  0.512
  0.510
  0.507
  0.505
  0.502
  0.500
  0.498
  0.495
  0.493
  0.491
  0.489
  0.486
  0.484
  0.482
  0.481
  0.479
  0.477
  0.476
  0.474
  0.473
  0.472
  0.471
  0.470
  0.469
  0.468
  0.467
  0.467
  0.467
  0.466
  0.466
  0.466
  0.466
  0.466
  0.466
  0.466
  0.467
  0.467
  0.467
  0.468
  0.468
  0.468
  0.469
  0.469
  0.470
  0.470
  0.470
  0.471
  0.471
  0.471
  0.471
  0.472
  0.472
  0.472
  0.472
  0.472
  0.472
  0.472
  0.471
  0.471
  0.471
  0.470
  0.470
  0.469
  0.469
  0.468
  0.468
  0.467
  0.466
  0.465
  0.465
  0.464
  0.463
  0.463
  0.462
  0.461
  0.460
  0.459
  0.459
  0.458
  0.457
  0.456
  0.456
  0.455
  0.454
  0.453
  0.453
  0.452
  0.451
  0.450
  0.449
  0.448
  0.447
  0.446
  0.444
  0.443
  0.442
  0.440
  0.439
  0.437
  0.436
  0.435
  0.433
  0.432
  0.431
  0.430
  0.429
  0.428
  0.427
  0.426
  0.425
  0.425
  0.424
  0.424
  0.423
  0.423
  0.422
  0.422
  0.422
  0.421
  0.421
  0.420
  0.420
  0.419
  0.419
  0.418
  0.417
  0.417
  0.416
  0.415
  0.414
  0.413
  0.412
  0.411
  0.409
  0.408
  0.407
  0.405
  0.404
  0.402
  0.401
  0.399
  0.398
  0.396
  0.394
  0.393
  0.391
  0.389
  0.387
  0.386
  0.384
  0.382
  0.380
  0.378
  0.376
  0.374
  0.372
  0.370
  0.368
  0.366
  0.364
  0.362
  0.360
  0.358
  0.356
  0.355
  0.353
  0.351
  0.349
  0.348
  0.346
  0.345
  0.343
  0.342
  0.340
  0.339
  0.338
  0.336
  0.335
  0.334
  0.334
  0.333
  0.332
  0.332
  0.331
  0.331
  0.330
  0.330
  0.330
  0.329
  0.329
  0.329
  0.328
  0.328
  0.328
  0.328
  0.327
  0.327
  0.327
  0.327
  0.327
  0.326
  0.326
  0.326
  0.326
  0.325
  0.325
  0.325
  0.324
  0.324
  0.323
  0.322
  0.322
  0.321
  0.320
  0.319
  0.319
  0.318
  0.317
  0.317
  0.316
  0.316
  0.316
  0.315
  0.315
  0.315
  0.315
  0.315
  0.315
  0.315
  0.316
  0.316
  0.316
  0.317
  0.317
  0.318
  0.318
  0.319
  0.319
  0.319
  0.320
  0.320
  0.320
  0.320
  0.320
  0.320
  0.320
  0.319
  0.319
  0.319
  0.318
  0.317
  0.317
  0.316
  0.315
  0.315
  0.314
  0.314
  0.313
  0.313
  0.312
  0.312
  0.312
  0.312
  0.312
  0.312
  0.312
  0.312
  0.312
  0.312
  0.312
  0.312
  0.312
  0.312
  0.312
  0.311
  0.311
  0.311
  0.310
  0.309
  0.309
  0.308
  0.308
  0.307
  0.307
  0.306
  0.306
  0.306
  0.306
  0.306
  0.306
  0.307
  0.307
  0.307
  0.307
  0.308
  0.308
  0.308
  0.308
  0.308
  0.308
  0.308
  0.307
  0.307
  0.306
  0.306
  0.305
  0.304
  0.304
  0.303
  0.302
  0.301
  0.300
  0.299
  0.298
  0.297
  0.296
  0.296
  0.295
  0.294
  0.294
  0.293
  0.293
  0.292
  0.292
  0.292
  0.292
  0.292
  0.292
  0.292
  0.292
  0.293
  0.293
  0.294
  0.294
  0.295
  0.295
  0.296
  0.297
  0.297
  0.298
  0.298
  0.298
  0.299
  0.299
  0.299
  0.299
  0.298
  0.298
  0.298
  0.298
  0.297
  0.297
  0.296
  0.296
  0.295
  0.294
  0.294
  0.293
  0.293
  0.292
  0.292
  0.291
  0.291
  0.290
  0.290
  0.289
  0.289
  0.289
  0.288
  0.288
  0.287
  0.287
  0.287
  0.286
  0.286
  0.285
  0.285
  0.285
  0.284
  0.284
  0.284
  0.284
  0.283
  0.283
  0.283
  0.283
  0.283
  0.282
  0.282
  0.282
  0.282
  0.281
  0.281
  0.280
  0.280
  0.279
  0.278
  0.278
  0.277
  0.276
  0.274
  0.273
  0.272
  0.271
  0.270
  0.269
  0.268
  0.267
  0.267
  0.266
  0.266
  0.266
  0.266
  0.266
  0.266
  0.267
  0.267
  0.268
  0.269
  0.269
  0.270
  0.271
  0.271
  0.272
  0.273
  0.273
  0.274
  0.274
  0.275
  0.275
  0.275
  0.275
  0.275
  0.274
  0.273
  0.273
  0.272
  0.271
  0.269
  0.268
  0.266
  0.265
  0.263
  0.261
  0.259
  0.258
  0.256
  0.254
  0.253
  0.251
  0.249
  0.248
  0.246
  0.245
  0.244
  0.243
  0.242
  0.241
  0.240
  0.239
  0.238
  0.238
  0.237
  0.237
  0.237
  0.237
  0.236
  0.236
  0.236
  0.236
  0.236
  0.236
  0.236
  0.236
  0.235
  0.235
  0.235
  0.235
  0.234
  0.234
  0.234
  0.234
  0.234
  0.233
  0.233
  0.233
  0.233
  0.233
  0.233
  0.233
  0.234
  0.234
  0.234
  0.234
  0.234
  0.234
  0.234
  0.234
  0.234
  0.234
  0.233
  0.233
  0.233
  0.233
  0.232
  0.232
  0.231
  0.231
  0.230
  0.229
  0.228
  0.227
  0.226
  0.225
  0.224
  0.223
  0.222
  0.220
  0.219
  0.218
  0.217
  0.216
  0.215
  0.214
  0.213
  0.212
  0.212
  0.211
  0.211
  0.210
  0.210
  0.210
  0.209
  0.209
  0.209
  0.208
  0.208
  0.208
  0.207
  0.206
  0.206
  0.205
  0.204
  0.204
  0.203
  0.202
  0.201
  0.201
  0.200
  0.199
  0.199
  0.198
  0.198
  0.198
  0.197
  0.197
  0.197
  0.197
  0.197
  0.196
  0.196
  0.196
  0.196
  0.196
  0.195
  0.195
  0.195
  0.194
  0.194
  0.193
  0.192
  0.192
  0.191
  0.190
  0.189
  0.188
  0.187
  0.185
  0.184
  0.183
  0.181
  0.180
  0.179
  0.177
  0.176
  0.175
  0.174
  0.173
  0.172
  0.172
  0.171
  0.171
  0.171
  0.170
  0.170
  0.169
  0.169
  0.169
  0.168
  0.167
  0.166
  0.165
  0.164
  0.163
  0.162
  0.161
  0.159
  0.158
  0.156
  0.155
  0.153
  0.151
  0.150
  0.148
  0.147
  0.145
  0.144
  0.143
  0.142
  0.141
  0.140
  0.139
  0.138
  0.138
  0.137
  0.137
  0.137
  0.137
  0.137
  0.137
  0.137
  0.137
  0.137
  0.137
  0.138
  0.138
  0.139
  0.139
  0.140
  0.140
  0.141
  0.141
  0.142
  0.143
  0.143
  0.144
  0.145
  0.146
  0.147
  0.148
  0.149
  0.150
  0.150
  0.151
  0.152
  0.153
  0.153
  0.153
  0.154
  0.154
  0.154
  0.153
  0.153
  0.153
  0.152
  0.151
  0.150
  0.150
  0.149
  0.148
  0.147
  0.147
  0.146
  0.146
  0.145
  0.145
  0.145
  0.145
  0.146
  0.146
  0.146
  0.146
  0.147
  0.147
  0.147
  0.148
  0.148
  0.148
  0.148
  0.148
  0.147
  0.147
  0.147
  0.147
  0.146
  0.146
  0.146
  0.146
  0.147
  0.147
  0.148
  0.148
  0.149
  0.150
  0.151
  0.153
  0.154
  0.155
  0.156
  0.158
  0.159
  0.160
  0.161
  0.162
  0.163
  0.164
  0.165
  0.166
  0.166
  0.167
  0.168
  0.168
  0.168
  0.169
  0.169
  0.169
  0.170
  0.170
  0.170
  0.169
  0.169
  0.169
  0.169
  0.168
  0.168
  0.167
  0.167
  0.166
  0.166
  0.165
  0.164
  0.164
  0.163
  0.162
  0.162
  0.161
  0.160
  0.160
  0.159
  0.159
  0.158
  0.157
  0.157
  0.156
  0.155
  0.155
  0.154
  0.153
  0.152
  0.152
  0.151
  0.150
  0.150
  0.149
  0.149
  0.148
  0.148
  0.147
  0.147
  0.147
  0.146
  0.146
  0.146
  0.146
  0.145
  0.145
  0.145
  0.145
  0.145
  0.144
  0.144
  0.143
  0.143
  0.143
  0.142
  0.142
  0.142
  0.141
  0.141
  0.141
  0.140
  0.140
  0.140
  0.140
  0.140
  0.140
  0.140
  0.140
  0.141
  0.141
  0.141
  0.142
  0.142
  0.142
  0.143
  0.143
  0.143
  0.144
  0.144
  0.144
  0.143
  0.143
  0.143
  0.142
  0.142
  0.141
  0.141
  0.140
  0.139
  0.139
  0.138
  0.138
  0.137
  0.137
  0.136
  0.136
  0.135
  0.135
  0.135
  0.134
  0.134
  0.133
  0.133
  0.133
  0.132
  0.132
  0.132
  0.132
  0.131
  0.131
  0.131
  0.131
  0.131
  0.131
  0.132
  0.132
  0.132
  0.133
  0.133
  0.134
  0.134
  0.134
  0.135
  0.135
  0.135
  0.136
  0.136
  0.136
  0.136
  0.137
  0.137
  0.137
  0.137
  0.137
  0.138
  0.138
  0.138
  0.138
  0.138
  0.139
  0.139
  0.139
  0.139
  0.139
  0.139
  0.140
  0.140
  0.140
  0.140
  0.140
  0.140
  0.141
  0.141
  0.141
  0.141
  0.141
  0.141
  0.141
  0.140
  0.140
  0.140
  0.140
  0.140
  0.140
  0.140
  0.140
  0.139
  0.139
  0.139
  0.139
  0.139
  0.138
  0.138
  0.138
  0.137
  0.137
  0.136
  0.136
  0.135
  0.135
  0.135
  0.134
  0.134
  0.134
  0.133
  0.133
  0.133
  0.132
  0.132
  0.132
  0.132
  0.131
  0.131
  0.131
  0.131
  0.131
  0.131
  0.131
  0.130
  0.130
  0.130
  0.130
  0.130
  0.130
  0.130
  0.130
  0.130
  0.130
  0.129
  0.129
  0.129
  0.129
  0.129
  0.129
  0.129
  0.129
  0.128
  0.128
  0.128
  0.128
  0.127
  0.127
  0.127
  0.126
  0.126
  0.126
  0.126
  0.125
  0.125
  0.125
  0.124
  0.124
  0.124
  0.124
  0.123
  0.123
  0.123
  0.123
  0.123
  0.122
  0.122
  0.122
  0.122
  0.122
  0.122
  0.122
  0.122
  0.122
  0.121
  0.121
  0.122
  0.122
  0.122
  0.122
  0.122
  0.122
  0.123
  0.123
  0.123
  0.123
  0.124
  0.124
  0.125
  0.125
  0.125
  0.125
  0.126
  0.126
  0.126
  0.126
  0.126
  0.126
  0.126
  0.126
  0.126
  0.126
  0.126
  0.126
  0.125
  0.125
  0.125
  0.125
  0.125
  0.125
  0.125
  0.125
  0.125
  0.125
  0.125
  0.125
  0.125
  0.125
  0.125
  0.125
  0.125
  0.125
  0.125
  0.125
  0.125
  0.125
  0.125
  0.125
  0.125
  0.125
  0.125
  0.125
  0.126
  0.127
  0.127
  0.128
  0.130
  0.131
  0.133
  0.134
  0.136
  0.138
  0.141
  0.143
  0.145
  0.148
  0.151
  0.153
  0.156
  0.158
  0.160
  0.162
  0.164
  0.166
  0.168
  0.169
  0.170
  0.171
  0.172
  0.173
  0.173
  0.173
  0.174
  0.174
  0.174
  0.174
  0.174
  0.173
  0.173
  0.173
  0.173
  0.173
  0.173
  0.174
  0.174
  0.174
  0.174
  0.174
  0.174
  0.174
  0.173
  0.173
  0.173
  0.173
  0.172
  0.172
  0.171
  0.170
  0.170
  0.169
  0.168
  0.167
  0.167
  0.166
  0.165
  0.165
  0.164
  0.163
  0.163
  0.162
  0.161
  0.160
  0.160
  0.159
  0.158
  0.157
  0.156
  0.155
  0.154
  0.153
  0.151
  0.150
  0.149
  0.147
  0.146
  0.144
  0.142
  0.141
  0.139
  0.137
  0.136
  0.134
  0.133
  0.131
  0.130
  0.129
  0.128
  0.126
  0.125
  0.124
  0.124
  0.123
  0.122
  0.122
  0.121
  0.121
  0.121
  0.120
  0.120
  0.120
  0.120
  0.120
  0.120
  0.120
  0.119
  0.119
  0.119
  0.119
  0.119
  0.118
  0.118
  0.118
  0.118
  0.117
  0.117
  0.117
  0.117
  0.116
  0.116
  0.116
  0.116
  0.115
  0.115
  0.115
  0.115
  0.114
  0.114
  0.114
  0.113
  0.113
  0.112
  0.112
  0.111
  0.111
  0.111
  0.112
  0.112
  0.112
  0.111
  0.110
  0.108
  0.106
  0.104
  0.102
  0.100
  0.098
  0.096
  0.094
  0.093
  0.091
  0.089
  0.087
  0.085
  0.083
  0.081
  0.080
  0.078
  0.076
  0.074
  0.072
  0.070
  0.069
  0.067
  0.065
  0.063
  0.061
  0.059
  0.057
  0.056
  0.054
  0.052
  0.050
  0.048
  0.046
  0.044
  0.043
  0.041
  0.039
  0.037
  0.035
  0.033
  0.031
  0.030
  0.028
  0.026
  0.024
  0.022
  0.020
  0.019
  0.017
  0.015
  0.013
  0.011
  0.009
  0.007
  0.006
  0.004
  0.002
