  0.000
  0.000
  0.000
  0.000
  0.000
  0.000
  0.000
  0.000
  0.000
  0.000
  0.000
  0.000
  0.000
  0.000
  0.000
  0.000
  0.000
  0.000
  0.000
  0.000
  0.000
  0.000
  0.000
  0.000
  0.000
  0.000
  0.000
  0.000
  0.000
  0.000
  0.000
  0.000
  0.000
  0.000
  0.000
  0.000
  0.000
  0.000
  0.000
  0.000
  0.000
  0.000
  0.000
  0.000
  0.000
  0.000
  0.000
  0.000
  0.000
  0.000
  0.000
  0.000
  0.000
  0.000
  0.000
  0.000
  0.000
  0.000
  0.000
  0.000
  0.000
  0.000
  0.000
  0.000
  0.000
  0.000
  0.000
  0.000
  0.000
  0.000
  0.000
  0.000
  0.000
  0.000
  0.000
  0.000
  0.000
  0.000
  0.000
  0.000
  0.000
  0.000
  0.000
  0.000
  0.000
  0.000
  0.000
  0.000
  0.000
  0.000
  0.003
  0.005
  0.008
  0.012
  0.017
  0.023
  0.029
  0.036
  0.044
  0.053
  0.063
  0.073
  0.085
  0.098
  0.112
  0.127
  0.143
  0.160
  0.178
  0.198
  0.218
  0.240
  0.264
  0.289
  0.315
  0.343
  0.372
  0.403
  0.436
  0.470
  0.506
  0.544
  0.584
  0.626
  0.669
  0.715
  0.762
  0.811
  0.862
  0.915
  0.969
  1.025
  1.082
  1.141
  1.200
  1.260
  1.321
  1.383
  1.445
  1.507
  1.569
  1.632
  1.694
  1.756
  1.817
  1.878
  1.939
  1.998
  2.057
  2.116
  2.174
  2.231
  2.287
  2.343
  2.398
  2.453
  2.506
  2.560
  2.613
  2.665
  2.716
  2.767
  2.817
  2.867
  2.915
  2.962
  3.008
  3.053
  3.096
  3.137
  3.177
  3.214
  3.250
  3.284
  3.315
  3.345
  3.373
  3.399
  3.423
  3.446
  3.468
  3.488
  3.508
  3.527
  3.545
  3.564
  3.582
  3.599
  3.617
  3.634
  3.650
  3.667
  3.682
  3.697
  3.712
  3.725
  3.737
  3.749
  3.759
  3.769
  3.777
  3.785
  3.792
  3.798
  3.803
  3.808
  3.811
  3.815
  3.817
  3.819
  3.821
  3.821
  3.821
  3.819
  3.817
  3.815
  3.811
  3.807
  3.803
  3.798
  3.794
  3.790
  3.787
  3.784
  3.783
  3.782
  3.782
  3.782
  3.784
  3.786
  3.788
  3.789
  3.791
  3.792
  3.793
  3.792
  3.791
  3.790
  3.787
  3.784
  3.781
  3.778
  3.774
  3.771
  3.768
  3.765
  3.762
  3.760
  3.758
  3.756
  3.754
  3.752
  3.750
  3.748
  3.745
  3.743
  3.740
  3.738
  3.735
  3.733
  3.731
  3.730
  3.729
  3.728
  3.727
  3.727
  3.728
  3.728
  3.728
  3.728
  3.727
  3.726
  3.724
  3.721
  3.717
  3.712
  3.707
  3.700
  3.693
  3.686
  3.678
  3.670
  3.661
  3.653
  3.645
  3.637
  3.629
  3.622
  3.615
  3.608
  3.601
  3.594
  3.587
  3.580
  3.573
  3.565
  3.556
  3.547
  3.537
  3.527
  3.516
  3.504
  3.492
  3.479
  3.466
  3.452
  3.438
  3.423
  3.407
  3.391
  3.375
  3.358
  3.340
  3.321
  3.302
  3.282
  3.261
  3.239
  3.216
  3.193
  3.170
  3.147
  3.123
  3.100
  3.076
  3.053
  3.031
  3.008
  2.986
  2.965
  2.943
  2.922
  2.901
  2.879
  2.858
  2.837
  2.815
  2.793
  2.771
  2.749
  2.727
  2.704
  2.682
  2.659
  2.637
  2.615
  2.593
  2.572
  2.551
  2.530
  2.510
  2.490
  2.470
  2.450
  2.431
  2.412
  2.393
  2.375
  2.356
  2.338
  2.321
  2.303
  2.287
  2.270
  2.255
  2.240
  2.225
  2.211
  2.198
  2.185
  2.172
  2.160
  2.149
  2.137
  2.126
  2.115
  2.104
  2.093
  2.082
  2.071
  2.060
  2.049
  2.038
  2.026
  2.015
  2.004
  1.993
  1.982
  1.971
  1.961
  1.951
  1.941
  1.932
  1.922
  1.913
  1.904
  1.896
  1.887
  1.879
  1.871
  1.863
  1.855
  1.848
  1.840
  1.833
  1.826
  1.819
  1.813
  1.806
  1.800
  1.794
  1.788
  1.782
  1.776
  1.770
  1.764
  1.757
  1.750
  1.743
  1.736
  1.728
  1.720
  1.712
  1.703
  1.694
  1.684
  1.675
  1.665
  1.656
  1.646
  1.637
  1.628
  1.619
  1.611
  1.603
  1.595
  1.588
  1.581
  1.575
  1.568
  1.562
  1.557
  1.551
  1.545
  1.539
  1.534
  1.528
  1.522
  1.517
  1.511
  1.505
  1.499
  1.493
  1.487
  1.482
  1.476
  1.470
  1.464
  1.458
  1.453
  1.447
  1.441
  1.436
  1.430
  1.424
  1.419
  1.413
  1.407
  1.402
  1.396
  1.391
  1.385
  1.380
  1.375
  1.370
  1.365
  1.360
  1.355
  1.351
  1.346
  1.342
  1.337
  1.333
  1.329
  1.325
  1.321
  1.317
  1.313
  1.308
  1.304
  1.300
  1.296
  1.292
  1.287
  1.283
  1.278
  1.274
  1.269
  1.264
  1.260
  1.255
  1.250
  1.245
  1.240
  1.234
  1.229
  1.224
  1.219
  1.213
  1.208
  1.202
  1.197
  1.191
  1.185
  1.179
  1.174
  1.168
  1.161
  1.155
  1.149
  1.143
  1.137
  1.130
  1.124
  1.118
  1.112
  1.106
  1.100
  1.094
  1.088
  1.083
  1.078
  1.073
  1.068
  1.063
  1.059
  1.055
  1.050
  1.046
  1.043
  1.039
  1.035
  1.032
  1.028
  1.024
  1.021
  1.017
  1.014
  1.010
  1.006
  1.002
  0.998
  0.993
  0.989
  0.985
  0.980
  0.976
  0.971
  0.966
  0.962
  0.957
  0.952
  0.948
  0.943
  0.938
  0.934
  0.929
  0.924
  0.919
  0.914
  0.908
  0.903
  0.897
  0.892
  0.886
  0.881
  0.876
  0.870
  0.865
  0.860
  0.855
  0.850
  0.846
  0.841
  0.837
  0.833
  0.830
  0.826
  0.823
  0.820
  0.818
  0.815
  0.813
  0.810
  0.808
  0.806
  0.804
  0.802
  0.800
  0.798
  0.795
  0.793
  0.791
  0.789
  0.787
  0.785
  0.783
  0.781
  0.779
  0.777
  0.776
  0.774
  0.773
  0.771
  0.770
  0.769
  0.767
  0.766
  0.764
  0.763
  0.761
  0.759
  0.758
  0.756
  0.754
  0.752
  0.750
  0.748
  0.746
  0.744
  0.742
  0.740
  0.738
  0.736
  0.733
  0.731
  0.729
  0.727
  0.725
  0.723
  0.721
  0.719
  0.717
  0.715
  0.713
  0.711
  0.710
  0.708
  0.706
  0.704
  0.703
  0.701
  0.699
  0.697
  0.696
  0.694
  0.692
  0.690
  0.688
  0.687
  0.685
  0.683
  0.681
  0.679
  0.678
  0.676
  0.674
  0.673
  0.671
  0.669
  0.668
  0.666
  0.665
  0.663
  0.662
  0.660
  0.658
  0.656
  0.654
  0.652
  0.650
  0.648
  0.645
  0.643
  0.640
  0.638
  0.635
  0.632
  0.629
  0.626
  0.623
  0.620
  0.617
  0.614
  0.611
  0.608
  0.604
  0.601
  0.598
  0.595
  0.592
  0.588
  0.585
  0.583
  0.580
  0.577
  0.575
  0.573
  0.571
  0.569
  0.568
  0.567
  0.566
  0.565
  0.564
  0.563
  0.563
  0.562
  0.562
  0.562
  0.561
  0.561
  0.560
  0.560
  0.559
  0.559
  0.558
  0.557
  0.557
  0.556
  0.555
  0.554
  0.554
  0.553
  0.552
  0.551
  0.550
  0.549
  0.549
  0.548
  0.547
  0.546
  0.545
  0.544
  0.544
  0.543
  0.542
  0.541
  0.541
  0.540
  0.540
  0.539
  0.538
  0.538
  0.537
  0.536
  0.536
  0.535
  0.534
  0.533
  0.533
  0.532
  0.531
  0.530
  0.529
  0.528
  0.527
  0.526
  0.525
  0.524
  0.523
  0.522
  0.521
  0.520
  0.519
  0.518
  0.517
  0.516
  0.515
  0.514
  0.513
  0.512
  0.511
  0.510
  0.509
  0.508
  0.507
  0.506
  0.505
  0.505
  0.504
  0.503
  0.502
  0.501
  0.500
  0.499
  0.498
  0.497
  0.496
  0.495
  0.494
  0.493
  0.491
  0.490
  0.489
  0.488
  0.486
  0.485
  0.484
  0.482
  0.481
  0.480
  0.479
  0.477
  0.476
  0.475
  0.474
  0.473
  0.472
  0.471
  0.470
  0.469
  0.469
  0.468
  0.467
  0.466
  0.466
  0.465
  0.464
  0.463
  0.462
  0.461
  0.460
  0.459
  0.458
  0.457
  0.455
  0.454
  0.453
  0.451
  0.450
  0.449
  0.448
  0.447
  0.446
  0.444
  0.443
  0.442
  0.441
  0.440
  0.439
  0.437
  0.436
  0.434
  0.433
  0.431
  0.429
  0.427
  0.425
  0.424
  0.422
  0.420
  0.418
  0.416
  0.414
  0.413
  0.411
  0.410
  0.409
  0.407
  0.406
  0.405
  0.404
  0.402
  0.401
  0.400
  0.398
  0.396
  0.394
  0.393
  0.391
  0.388
  0.386
  0.384
  0.382
  0.380
  0.378
  0.376
  0.374
  0.372
  0.370
  0.368
  0.367
  0.365
  0.364
  0.363
  0.361
  0.360
  0.359
  0.358
  0.357
  0.355
  0.354
  0.353
  0.352
  0.351
  0.349
  0.348
  0.347
  0.345
  0.344
  0.343
  0.342
  0.340
  0.339
  0.338
  0.337
  0.335
  0.334
  0.333
  0.331
  0.330
  0.329
  0.327
  0.326
  0.325
  0.323
  0.322
  0.320
  0.319
  0.318
  0.316
  0.315
  0.314
  0.312
  0.311
  0.310
  0.309
  0.308
  0.307
  0.306
  0.305
  0.305
  0.304
  0.303
  0.303
  0.302
  0.301
  0.301
  0.300
  0.300
  0.299
  0.299
  0.298
  0.298
  0.298
  0.297
  0.297
  0.297
  0.297
  0.297
  0.297
  0.297
  0.297
  0.297
  0.297
  0.298
  0.298
  0.298
  0.299
  0.299
  0.300
  0.300
  0.301
  0.301
  0.302
  0.302
  0.302
  0.302
  0.303
  0.303
  0.303
  0.303
  0.303
  0.302
  0.302
  0.302
  0.301
  0.301
  0.300
  0.299
  0.299
  0.298
  0.297
  0.296
  0.296
  0.295
  0.294
  0.293
  0.293
  0.292
  0.291
  0.291
  0.290
  0.290
  0.289
  0.289
  0.288
  0.288
  0.288
  0.288
  0.288
  0.288
  0.288
  0.287
  0.287
  0.287
  0.287
  0.287
  0.286
  0.286
  0.286
  0.285
  0.285
  0.284
  0.283
  0.282
  0.281
  0.280
  0.280
  0.279
  0.277
  0.276
  0.275
  0.274
  0.273
  0.272
  0.271
  0.271
  0.270
  0.269
  0.269
  0.268
  0.268
  0.267
  0.267
  0.267
  0.267
  0.267
  0.267
  0.267
  0.267
  0.267
  0.268
  0.268
  0.269
  0.269
  0.270
  0.270
  0.271
  0.271
  0.271
  0.271
  0.271
  0.272
  0.272
  0.271
  0.271
  0.271
  0.271
  0.271
  0.271
  0.272
  0.272
  0.272
  0.273
  0.273
  0.273
  0.274
  0.274
  0.274
  0.275
  0.275
  0.275
  0.274
  0.274
  0.274
  0.273
  0.272
  0.271
  0.271
  0.270
  0.269
  0.268
  0.267
  0.266
  0.265
  0.265
  0.264
  0.264
  0.263
  0.263
  0.263
  0.263
  0.263
  0.263
  0.264
  0.264
  0.264
  0.265
  0.265
  0.266
  0.266
  0.267
  0.267
  0.268
  0.268
  0.268
  0.269
  0.269
  0.269
  0.269
  0.268
  0.268
  0.268
  0.268
  0.268
  0.267
  0.267
  0.267
  0.267
  0.267
  0.267
  0.267
  0.266
  0.267
  0.267
  0.266
  0.266
  0.266
  0.266
  0.266
  0.266
  0.266
  0.266
  0.265
  0.265
  0.265
  0.265
  0.265
  0.265
  0.265
  0.266
  0.266
  0.266
  0.267
  0.267
  0.268
  0.268
  0.269
  0.269
  0.270
  0.270
  0.270
  0.270
  0.270
  0.270
  0.270
  0.270
  0.269
  0.269
  0.269
  0.269
  0.268
  0.268
  0.267
  0.267
  0.266
  0.266
  0.265
  0.265
  0.264
  0.263
  0.262
  0.261
  0.261
  0.260
  0.259
  0.258
  0.258
  0.257
  0.257
  0.257
  0.257
  0.257
  0.257
  0.257
  0.257
  0.257
  0.257
  0.257
  0.257
  0.257
  0.257
  0.257
  0.257
  0.256
  0.256
  0.255
  0.254
  0.254
  0.253
  0.252
  0.251
  0.250
  0.249
  0.249
  0.248
  0.247
  0.246
  0.246
  0.245
  0.244
  0.244
  0.243
  0.243
  0.242
  0.241
  0.241
  0.240
  0.239
  0.238
  0.238
  0.237
  0.236
  0.235
  0.234
  0.233
  0.232
  0.231
  0.230
  0.229
  0.229
  0.228
  0.227
  0.227
  0.227
  0.226
  0.226
  0.226
  0.226
  0.226
  0.226
  0.226
  0.226
  0.226
  0.226
  0.226
  0.226
  0.226
  0.226
  0.226
  0.226
  0.225
  0.225
  0.224
  0.224
  0.223
  0.222
  0.222
  0.221
  0.220
  0.220
  0.219
  0.219
  0.218
  0.218
  0.218
  0.218
  0.218
  0.218
  0.218
  0.218
  0.218
  0.218
  0.218
  0.218
  0.219
  0.219
  0.219
  0.219
  0.219
  0.218
  0.218
  0.218
  0.218
  0.218
  0.217
  0.217
  0.217
  0.216
  0.216
  0.216
  0.215
  0.215
  0.215
  0.214
  0.214
  0.213
  0.212
  0.212
  0.211
  0.210
  0.210
  0.209
  0.208
  0.207
  0.207
  0.206
  0.206
  0.205
  0.205
  0.205
  0.205
  0.205
  0.206
  0.206
  0.207
  0.207
  0.208
  0.209
  0.210
  0.210
  0.211
  0.211
  0.212
  0.212
  0.212
  0.213
  0.212
  0.212
  0.212
  0.212
  0.212
  0.212
  0.211
  0.211
  0.211
  0.211
  0.211
  0.211
  0.210
  0.210
  0.210
  0.210
  0.210
  0.210
  0.210
  0.210
  0.209
  0.209
  0.209
  0.208
  0.208
  0.208
  0.208
  0.208
  0.207
  0.207
  0.207
  0.207
  0.207
  0.208
  0.208
  0.208
  0.208
  0.208
  0.208
  0.208
  0.208
  0.208
  0.208
  0.208
  0.208
  0.207
  0.207
  0.206
  0.206
  0.206
  0.205
  0.205
  0.204
  0.204
  0.204
  0.203
  0.203
  0.203
  0.203
  0.202
  0.202
  0.202
  0.201
  0.201
  0.200
  0.200
  0.199
  0.199
  0.198
  0.197
  0.196
  0.196
  0.195
  0.194
  0.193
  0.192
  0.192
  0.191
  0.190
  0.189
  0.189
  0.188
  0.187
  0.187
  0.186
  0.186
  0.185
  0.185
  0.184
  0.184
  0.183
  0.183
  0.183
  0.182
  0.181
  0.181
  0.180
  0.179
  0.178
  0.177
  0.176
  0.175
  0.174
  0.173
  0.172
  0.171
  0.170
  0.169
  0.168
  0.167
  0.166
  0.165
  0.165
  0.164
  0.164
  0.163
  0.163
  0.163
  0.163
  0.163
  0.163
  0.163
  0.163
  0.163
  0.163
  0.163
  0.163
  0.163
  0.163
  0.163
  0.163
  0.163
  0.163
  0.163
  0.162
  0.162
  0.162
  0.162
  0.162
  0.161
  0.161
  0.161
  0.160
  0.160
  0.160
  0.160
  0.160
  0.159
  0.159
  0.159
  0.159
  0.159
  0.159
  0.159
  0.159
  0.159
  0.159
  0.160
  0.160
  0.160
  0.160
  0.161
  0.161
  0.161
  0.162
  0.162
  0.162
  0.162
  0.162
  0.163
  0.163
  0.163
  0.163
  0.163
  0.163
  0.163
  0.163
  0.163
  0.163
  0.163
  0.163
  0.163
  0.163
  0.163
  0.163
  0.163
  0.163
  0.163
  0.163
  0.163
  0.163
  0.163
  0.163
  0.163
  0.163
  0.162
  0.162
  0.162
  0.162
  0.161
  0.161
  0.161
  0.160
  0.160
  0.159
  0.159
  0.159
  0.158
  0.158
  0.158
  0.157
  0.157
  0.157
  0.157
  0.156
  0.156
  0.156
  0.156
  0.156
  0.156
  0.156
  0.156
  0.156
  0.156
  0.156
  0.156
  0.157
  0.157
  0.157
  0.157
  0.157
  0.158
  0.158
  0.158
  0.158
  0.159
  0.159
  0.159
  0.159
  0.159
  0.159
  0.159
  0.159
  0.159
  0.159
  0.159
  0.159
  0.159
  0.159
  0.159
  0.159
  0.159
  0.159
  0.158
  0.158
  0.158
  0.158
  0.158
  0.158
  0.157
  0.157
  0.157
  0.156
  0.156
  0.155
  0.155
  0.155
  0.154
  0.154
  0.153
  0.153
  0.152
  0.152
  0.152
  0.152
  0.151
  0.151
  0.151
  0.151
  0.151
  0.151
  0.151
  0.150
  0.150
  0.150
  0.150
  0.150
  0.150
  0.149
  0.149
  0.149
  0.149
  0.148
  0.148
  0.147
  0.147
  0.146
  0.146
  0.145
  0.145
  0.144
  0.144
  0.143
  0.143
  0.142
  0.142
  0.141
  0.141
  0.140
  0.140
  0.139
  0.139
  0.138
  0.138
  0.137
  0.137
  0.137
  0.136
  0.136
  0.135
  0.135
  0.134
  0.134
  0.134
  0.134
  0.134
  0.134
  0.134
  0.135
  0.135
  0.136
  0.137
  0.137
  0.138
  0.139
  0.140
  0.141
  0.141
  0.142
  0.143
  0.143
  0.143
  0.143
  0.143
  0.143
  0.142
  0.142
  0.141
  0.141
  0.140
  0.139
  0.139
  0.138
  0.137
  0.137
  0.136
  0.136
  0.135
  0.135
  0.135
  0.135
  0.135
  0.135
  0.136
  0.136
  0.137
  0.137
  0.138
  0.139
  0.140
  0.141
  0.142
  0.143
  0.145
  0.146
  0.147
  0.148
  0.149
  0.150
  0.151
  0.152
  0.153
  0.154
  0.155
  0.155
  0.155
  0.156
  0.156
  0.155
  0.155
  0.155
  0.154
  0.154
  0.153
  0.152
  0.151
  0.150
  0.149
  0.148
  0.148
  0.147
  0.146
  0.146
  0.146
  0.145
  0.145
  0.146
  0.146
  0.147
  0.147
  0.148
  0.149
  0.150
  0.151
  0.152
  0.152
  0.153
  0.154
  0.155
  0.155
  0.155
  0.156
  0.156
  0.155
  0.155
  0.155
  0.154
  0.153
  0.152
  0.151
  0.150
  0.148
  0.147
  0.145
  0.144
  0.142
  0.141
  0.139
  0.137
  0.136
  0.134
  0.133
  0.131
  0.130
  0.129
  0.128
  0.127
  0.127
  0.127
  0.127
  0.127
  0.127
  0.127
  0.128
  0.129
  0.130
  0.131
  0.132
  0.133
  0.134
  0.135
  0.136
  0.136
  0.137
  0.138
  0.138
  0.139
  0.139
  0.139
  0.139
  0.139
  0.138
  0.138
  0.137
  0.136
  0.136
  0.135
  0.134
  0.133
  0.132
  0.130
  0.130
  0.129
  0.128
  0.127
  0.126
  0.126
  0.125
  0.125
  0.125
  0.125
  0.125
  0.125
  0.125
  0.125
  0.126
  0.126
  0.126
  0.126
  0.127
  0.127
  0.127
  0.127
  0.127
  0.128
  0.128
  0.128
  0.128
  0.128
  0.129
  0.129
  0.129
  0.130
  0.130
  0.130
  0.131
  0.131
  0.131
  0.132
  0.132
  0.132
  0.133
  0.133
  0.133
  0.133
  0.133
  0.133
  0.133
  0.133
  0.133
  0.133
  0.132
  0.132
  0.132
  0.131
  0.131
  0.131
  0.130
  0.130
  0.130
  0.129
  0.129
  0.129
  0.128
  0.128
  0.128
  0.127
  0.127
  0.126
  0.125
  0.125
  0.124
  0.123
  0.122
  0.121
  0.120
  0.119
  0.118
  0.117
  0.115
  0.114
  0.113
  0.112
  0.111
  0.109
  0.108
  0.107
  0.106
  0.105
  0.103
  0.102
  0.100
  0.099
  0.097
  0.095
  0.093
  0.091
  0.089
  0.087
  0.084
  0.082
  0.080
  0.077
  0.075
  0.072
  0.070
  0.067
  0.065
  0.063
  0.061
  0.059
  0.057
  0.055
  0.054
  0.052
  0.051
  0.051
  0.051
  0.051
  0.051
  0.051
  0.051
  0.050
  0.050
  0.049
  0.048
  0.047
  0.046
  0.045
  0.044
  0.043
  0.042
  0.042
  0.041
  0.040
  0.039
  0.038
  0.037
  0.036
  0.036
  0.035
  0.034
  0.033
  0.032
  0.031
  0.031
  0.030
  0.029
  0.028
  0.027
  0.026
  0.025
  0.025
  0.024
  0.023
  0.022
  0.021
  0.020
  0.020
  0.019
  0.018
  0.017
  0.016
  0.015
  0.014
  0.014
  0.013
  0.012
  0.011
  0.010
  0.009
  0.008
  0.008
  0.007
  0.006
  0.005
  0.004
  0.003
  0.003
  0.002
  0.001
