  0.000
  0.016
  0.027
  0.036
  0.042
  0.045
  0.047
  0.047
  0.047
  0.046
  0.045
  0.044
  0.044
  0.044
  0.045
  0.045
  0.045
  0.046
  0.046
  0.047
  0.048
  0.048
  0.050
  0.051
  0.052
  0.054
  0.056
  0.058
  0.060
  0.062
  0.065
  0.067
  0.070
  0.073
  0.076
  0.079
  0.082
  0.085
  0.088
  0.091
  0.095
  0.097
  0.100
  0.103
  0.104
  0.106
  0.107
  0.107
  0.107
  0.106
  0.105
  0.103
  0.101
  0.098
  0.095
  0.092
  0.089
  0.086
  0.083
  0.081
  0.079
  0.078
  0.077
  0.077
  0.077
  0.078
  0.080
  0.083
  0.086
  0.090
  0.094
  0.098
  0.103
  0.107
  0.111
  0.114
  0.117
  0.118
  0.119
  0.118
  0.117
  0.115
  0.112
  0.108
  0.105
  0.101
  0.098
  0.095
  0.094
  0.093
  0.094
  0.097
  0.102
  0.108
  0.117
  0.129
  0.142
  0.159
  0.179
  0.202
  0.228
  0.257
  0.290
  0.326
  0.366
  0.408
  0.454
  0.502
  0.552
  0.603
  0.656
  0.709
  0.761
  0.812
  0.862
  0.910
  0.954
  0.996
  1.034
  1.070
  1.103
  1.133
  1.160
  1.186
  1.211
  1.236
  1.261
  1.287
  1.314
  1.344
  1.377
  1.413
  1.454
  1.498
  1.548
  1.602
  1.662
  1.727
  1.798
  1.873
  1.955
  2.041
  2.132
  2.228
  2.328
  2.431
  2.538
  2.648
  2.760
  2.874
  2.990
  3.107
  3.226
  3.345
  3.466
  3.588
  3.710
  3.832
  3.955
  4.078
  4.200
  4.322
  4.443
  4.563
  4.680
  4.796
  4.909
  5.020
  5.127
  5.231
  5.332
  5.429
  5.523
  5.613
  5.700
  5.784
  5.865
  5.943
  6.019
  6.092
  6.163
  6.232
  6.299
  6.364
  6.427
  6.488
  6.548
  6.606
  6.661
  6.715
  6.766
  6.815
  6.862
  6.906
  6.947
  6.987
  7.024
  7.059
  7.093
  7.125
  7.156
  7.186
  7.216
  7.245
  7.274
  7.303
  7.333
  7.363
  7.393
  7.424
  7.455
  7.487
  7.519
  7.551
  7.583
  7.616
  7.647
  7.679
  7.709
  7.739
  7.767
  7.794
  7.819
  7.842
  7.863
  7.881
  7.898
  7.912
  7.924
  7.934
  7.942
  7.948
  7.953
  7.955
  7.956
  7.956
  7.955
  7.953
  7.949
  7.945
  7.940
  7.935
  7.929
  7.922
  7.915
  7.908
  7.900
  7.892
  7.884
  7.875
  7.866
  7.857
  7.847
  7.836
  7.824
  7.811
  7.797
  7.781
  7.763
  7.744
  7.722
  7.699
  7.673
  7.646
  7.616
  7.585
  7.551
  7.516
  7.479
  7.440
  7.400
  7.359
  7.316
  7.272
  7.226
  7.179
  7.130
  7.080
  7.028
  6.975
  6.919
  6.861
  6.801
  6.739
  6.674
  6.606
  6.536
  6.463
  6.388
  6.310
  6.229
  6.146
  6.060
  5.971
  5.881
  5.789
  5.695
  5.599
  5.502
  5.405
  5.307
  5.209
  5.111
  5.013
  4.917
  4.822
  4.728
  4.637
  4.547
  4.460
  4.376
  4.294
  4.215
  4.139
  4.065
  3.995
  3.926
  3.861
  3.798
  3.737
  3.678
  3.621
  3.565
  3.511
  3.459
  3.408
  3.358
  3.310
  3.262
  3.216
  3.170
  3.125
  3.082
  3.039
  2.997
  2.955
  2.914
  2.874
  2.834
  2.795
  2.757
  2.719
  2.682
  2.645
  2.610
  2.575
  2.543
  2.511
  2.482
  2.455
  2.429
  2.406
  2.386
  2.367
  2.350
  2.336
  2.322
  2.310
  2.299
  2.288
  2.278
  2.266
  2.254
  2.242
  2.228
  2.213
  2.196
  2.177
  2.157
  2.136
  2.113
  2.089
  2.064
  2.039
  2.013
  1.987
  1.961
  1.936
  1.911
  1.888
  1.865
  1.844
  1.824
  1.806
  1.790
  1.775
  1.761
  1.749
  1.738
  1.728
  1.719
  1.710
  1.701
  1.693
  1.684
  1.675
  1.665
  1.655
  1.643
  1.631
  1.619
  1.605
  1.590
  1.576
  1.560
  1.545
  1.530
  1.516
  1.501
  1.488
  1.475
  1.464
  1.453
  1.444
  1.435
  1.426
  1.419
  1.412
  1.405
  1.398
  1.392
  1.385
  1.378
  1.372
  1.365
  1.358
  1.352
  1.346
  1.339
  1.333
  1.328
  1.322
  1.317
  1.312
  1.307
  1.302
  1.298
  1.293
  1.288
  1.284
  1.280
  1.275
  1.271
  1.268
  1.265
  1.262
  1.259
  1.257
  1.256
  1.254
  1.254
  1.253
  1.253
  1.253
  1.253
  1.254
  1.254
  1.255
  1.255
  1.255
  1.256
  1.256
  1.256
  1.256
  1.256
  1.255
  1.255
  1.253
  1.252
  1.251
  1.249
  1.247
  1.244
  1.242
  1.239
  1.237
  1.234
  1.231
  1.229
  1.226
  1.223
  1.221
  1.218
  1.215
  1.213
  1.210
  1.207
  1.204
  1.201
  1.198
  1.195
  1.191
  1.187
  1.182
  1.177
  1.171
  1.164
  1.157
  1.148
  1.139
  1.130
  1.119
  1.108
  1.096
  1.085
  1.073
  1.061
  1.050
  1.040
  1.029
  1.020
  1.012
  1.004
  0.997
  0.991
  0.985
  0.980
  0.975
  0.971
  0.967
  0.963
  0.959
  0.955
  0.952
  0.949
  0.945
  0.942
  0.940
  0.937
  0.935
  0.933
  0.931
  0.928
  0.926
  0.923
  0.921
  0.917
  0.913
  0.909
  0.904
  0.898
  0.892
  0.885
  0.878
  0.871
  0.864
  0.856
  0.849
  0.841
  0.835
  0.828
  0.822
  0.817
  0.812
  0.808
  0.805
  0.803
  0.802
  0.801
  0.801
  0.801
  0.802
  0.803
  0.803
  0.803
  0.803
  0.803
  0.801
  0.800
  0.797
  0.795
  0.791
  0.788
  0.784
  0.779
  0.775
  0.770
  0.765
  0.760
  0.755
  0.750
  0.744
  0.738
  0.732
  0.726
  0.720
  0.713
  0.707
  0.702
  0.696
  0.692
  0.688
  0.685
  0.682
  0.680
  0.679
  0.677
  0.677
  0.676
  0.675
  0.673
  0.671
  0.669
  0.666
  0.661
  0.656
  0.650
  0.643
  0.636
  0.627
  0.618
  0.609
  0.599
  0.590
  0.580
  0.571
  0.563
  0.555
  0.548
  0.542
  0.536
  0.533
  0.530
  0.529
  0.530
  0.532
  0.536
  0.542
  0.550
  0.559
  0.570
  0.583
  0.596
  0.611
  0.626
  0.640
  0.655
  0.668
  0.680
  0.691
  0.699
  0.706
  0.709
  0.711
  0.711
  0.708
  0.704
  0.698
  0.691
  0.683
  0.675
  0.667
  0.658
  0.649
  0.640
  0.632
  0.623
  0.614
  0.605
  0.597
  0.587
  0.578
  0.568
  0.559
  0.549
  0.540
  0.532
  0.524
  0.517
  0.512
  0.508
  0.505
  0.504
  0.505
  0.507
  0.510
  0.514
  0.519
  0.524
  0.529
  0.534
  0.539
  0.544
  0.549
  0.554
  0.558
  0.563
  0.568
  0.574
  0.580
  0.586
  0.593
  0.600
  0.608
  0.616
  0.623
  0.630
  0.637
  0.643
  0.649
  0.655
  0.660
  0.664
  0.669
  0.673
  0.678
  0.683
  0.688
  0.694
  0.700
  0.706
  0.712
  0.719
  0.726
  0.732
  0.738
  0.744
  0.749
  0.753
  0.757
  0.759
  0.760
  0.760
  0.758
  0.754
  0.749
  0.742
  0.733
  0.722
  0.710
  0.695
  0.679
  0.661
  0.643
  0.623
  0.604
  0.584
  0.565
  0.548
  0.533
  0.522
  0.514
  0.511
  0.513
  0.520
  0.533
  0.551
  0.575
  0.602
  0.632
  0.664
  0.695
  0.726
  0.752
  0.774
  0.789
  0.795
  0.792
  0.780
  0.760
  0.731
  0.693
  0.650
  0.602
  0.552
  0.502
  0.454
  0.410
  0.371
  0.337
  0.311
  0.294
  0.285
  0.284
  0.290
  0.303
  0.321
  0.344
  0.371
  0.399
  0.428
  0.456
  0.483
  0.507
  0.528
  0.545
  0.557
  0.564
  0.566
  0.565
  0.560
  0.552
  0.541
  0.530
  0.519
  0.508
  0.499
  0.493
  0.488
  0.486
  0.486
  0.489
  0.493
  0.498
  0.503
  0.508
  0.512
  0.514
  0.515
  0.514
  0.511
  0.507
  0.501
  0.495
  0.487
  0.479
  0.471
  0.463
  0.455
  0.447
  0.439
  0.431
  0.423
  0.415
  0.407
  0.399
  0.391
  0.383
  0.375
  0.367
  0.360
  0.353
  0.346
  0.341
  0.336
  0.332
  0.330
  0.328
  0.328
  0.328
  0.330
  0.333
  0.336
  0.340
  0.345
  0.350
  0.356
  0.361
  0.367
  0.373
  0.379
  0.385
  0.391
  0.396
  0.402
  0.407
  0.413
  0.418
  0.423
  0.427
  0.430
  0.433
  0.435
  0.436
  0.437
  0.436
  0.435
  0.434
  0.433
  0.431
  0.430
  0.430
  0.430
  0.431
  0.432
  0.433
  0.435
  0.437
  0.439
  0.441
  0.442
  0.442
  0.442
  0.441
  0.439
  0.437
  0.434
  0.430
  0.427
  0.423
  0.420
  0.417
  0.414
  0.411
  0.408
  0.405
  0.402
  0.399
  0.396
  0.392
  0.388
  0.384
  0.380
  0.375
  0.370
  0.364
  0.359
  0.354
  0.349
  0.343
  0.338
  0.333
  0.328
  0.323
  0.319
  0.314
  0.310
  0.306
  0.302
  0.298
  0.294
  0.291
  0.287
  0.284
  0.282
  0.279
  0.277
  0.275
  0.274
  0.273
  0.272
  0.271
  0.271
  0.270
  0.270
  0.271
  0.271
  0.271
  0.271
  0.271
  0.271
  0.270
  0.269
  0.269
  0.268
  0.267
  0.266
  0.266
  0.265
  0.265
  0.265
  0.266
  0.267
  0.268
  0.270
  0.273
  0.276
  0.279
  0.283
  0.288
  0.292
  0.297
  0.302
  0.306
  0.310
  0.314
  0.316
  0.318
  0.319
  0.319
  0.317
  0.313
  0.308
  0.302
  0.295
  0.287
  0.279
  0.270
  0.262
  0.255
  0.248
  0.244
  0.241
  0.240
  0.240
  0.243
  0.248
  0.254
  0.261
  0.269
  0.278
  0.286
  0.294
  0.300
  0.306
  0.310
  0.313
  0.313
  0.312
  0.310
  0.306
  0.301
  0.294
  0.287
  0.279
  0.270
  0.262
  0.253
  0.245
  0.237
  0.230
  0.224
  0.220
  0.216
  0.214
  0.212
  0.213
  0.214
  0.216
  0.219
  0.223
  0.228
  0.233
  0.238
  0.244
  0.249
  0.255
  0.260
  0.265
  0.270
  0.275
  0.278
  0.281
  0.283
  0.283
  0.282
  0.280
  0.276
  0.271
  0.265
  0.257
  0.248
  0.239
  0.229
  0.218
  0.208
  0.198
  0.189
  0.180
  0.173
  0.167
  0.162
  0.159
  0.158
  0.159
  0.162
  0.166
  0.172
  0.180
  0.189
  0.198
  0.209
  0.220
  0.231
  0.242
  0.252
  0.261
  0.268
  0.274
  0.279
  0.282
  0.283
  0.282
  0.280
  0.276
  0.271
  0.264
  0.257
  0.248
  0.239
  0.230
  0.220
  0.211
  0.202
  0.194
  0.186
  0.180
  0.175
  0.172
  0.169
  0.169
  0.170
  0.171
  0.174
  0.178
  0.182
  0.186
  0.190
  0.194
  0.198
  0.201
  0.203
  0.205
  0.206
  0.206
  0.205
  0.204
  0.202
  0.200
  0.197
  0.194
  0.190
  0.187
  0.183
  0.179
  0.175
  0.172
  0.168
  0.165
  0.162
  0.160
  0.157
  0.155
  0.153
  0.152
  0.151
  0.150
  0.149
  0.149
  0.148
  0.148
  0.148
  0.148
  0.148
  0.148
  0.148
  0.148
  0.148
  0.148
  0.148
  0.148
  0.147
  0.147
  0.146
  0.145
  0.144
  0.143
  0.142
  0.141
  0.140
  0.140
  0.139
  0.138
  0.137
  0.136
  0.136
  0.135
  0.135
  0.135
  0.136
  0.136
  0.137
  0.137
  0.139
  0.140
  0.141
  0.142
  0.144
  0.146
  0.147
  0.149
  0.150
  0.152
  0.153
  0.154
  0.155
  0.156
  0.157
  0.158
  0.158
  0.159
  0.159
  0.159
  0.159
  0.159
  0.159
  0.159
  0.159
  0.159
  0.159
  0.159
  0.159
  0.159
  0.159
  0.160
  0.160
  0.160
  0.161
  0.161
  0.162
  0.163
  0.163
  0.164
  0.164
  0.165
  0.165
  0.166
  0.166
  0.166
  0.165
  0.165
  0.164
  0.164
  0.163
  0.162
  0.160
  0.159
  0.158
  0.156
  0.155
  0.154
  0.152
  0.151
  0.150
  0.149
  0.148
  0.147
  0.146
  0.145
  0.145
  0.144
  0.144
  0.143
  0.143
  0.143
  0.143
  0.143
  0.143
  0.143
  0.143
  0.144
  0.144
  0.144
  0.145
  0.145
  0.146
  0.146
  0.147
  0.147
  0.148
  0.148
  0.149
  0.149
  0.150
  0.150
  0.151
  0.151
  0.152
  0.153
  0.153
  0.154
  0.155
  0.156
  0.157
  0.158
  0.159
  0.160
  0.161
  0.162
  0.163
  0.164
  0.165
  0.166
  0.167
  0.168
  0.169
  0.170
  0.170
  0.171
  0.172
  0.173
  0.173
  0.174
  0.174
  0.175
  0.175
  0.176
  0.176
  0.176
  0.176
  0.177
  0.177
  0.177
  0.177
  0.177
  0.177
  0.176
  0.176
  0.176
  0.176
  0.175
  0.175
  0.174
  0.174
  0.173
  0.173
  0.172
  0.172
  0.171
  0.171
  0.170
  0.170
  0.169
  0.169
  0.169
  0.169
  0.168
  0.168
  0.168
  0.168
  0.168
  0.168
  0.168
  0.168
  0.169
  0.169
  0.169
  0.169
  0.169
  0.169
  0.169
  0.169
  0.169
  0.168
  0.168
  0.167
  0.166
  0.166
  0.164
  0.163
  0.162
  0.160
  0.158
  0.157
  0.155
  0.153
  0.151
  0.149
  0.147
  0.145
  0.143
  0.141
  0.140
  0.138
  0.137
  0.136
  0.135
  0.134
  0.134
  0.133
  0.133
  0.133
  0.133
  0.133
  0.133
  0.133
  0.133
  0.133
  0.133
  0.133
  0.133
  0.133
  0.133
  0.133
  0.133
  0.133
  0.133
  0.133
  0.133
  0.133
  0.133
  0.133
  0.133
  0.133
  0.133
  0.133
  0.133
  0.133
  0.133
  0.133
  0.133
  0.133
  0.133
  0.133
  0.133
  0.133
  0.133
  0.132
  0.132
  0.132
  0.132
  0.132
  0.132
  0.133
  0.133
  0.133
  0.133
  0.133
  0.134
  0.134
  0.135
  0.135
  0.136
  0.137
  0.137
  0.138
  0.139
  0.140
  0.141
  0.142
  0.143
  0.144
  0.145
  0.146
  0.147
  0.148
  0.149
  0.150
  0.151
  0.152
  0.153
  0.154
  0.156
  0.157
  0.158
  0.159
  0.160
  0.161
  0.163
  0.164
  0.165
  0.166
  0.167
  0.168
  0.170
  0.171
  0.172
  0.173
  0.174
  0.175
  0.176
  0.177
  0.177
  0.178
  0.178
  0.179
  0.179
  0.179
  0.179
  0.178
  0.178
  0.177
  0.177
  0.176
  0.175
  0.175
  0.174
  0.173
  0.172
  0.171
  0.171
  0.170
  0.170
  0.169
  0.169
  0.168
  0.168
  0.168
  0.168
  0.168
  0.168
  0.168
  0.168
  0.168
  0.168
  0.168
  0.169
  0.169
  0.169
  0.169
  0.169
  0.169
  0.169
  0.169
  0.169
  0.169
  0.169
  0.170
  0.170
  0.170
  0.170
  0.170
  0.170
  0.170
  0.171
  0.171
  0.171
  0.171
  0.171
  0.171
  0.171
  0.171
  0.171
  0.171
  0.171
  0.171
  0.171
  0.171
  0.171
  0.171
  0.170
  0.170
  0.170
  0.170
  0.170
  0.170
  0.169
  0.169
  0.169
  0.169
  0.168
  0.168
  0.167
  0.167
  0.166
  0.166
  0.165
  0.164
  0.163
  0.163
  0.162
  0.161
  0.160
  0.159
  0.158
  0.157
  0.156
  0.154
  0.153
  0.151
  0.150
  0.148
  0.146
  0.144
  0.142
  0.140
  0.138
  0.137
  0.135
  0.133
  0.131
  0.129
  0.128
  0.126
  0.125
  0.123
  0.122
  0.121
  0.119
  0.118
  0.118
  0.117
  0.116
  0.115
  0.115
  0.114
  0.114
  0.113
  0.113
  0.112
  0.112
  0.111
  0.111
  0.110
  0.109
  0.109
  0.108
  0.107
  0.106
  0.106
  0.105
  0.104
  0.102
  0.101
  0.100
  0.099
  0.097
  0.096
  0.094
  0.093
  0.091
  0.089
  0.087
  0.085
  0.083
  0.082
  0.080
  0.078
  0.076
  0.075
  0.074
  0.072
  0.071
  0.070
  0.069
  0.068
  0.067
  0.066
  0.066
  0.065
  0.065
  0.064
  0.064
  0.064
  0.063
  0.063
  0.063
  0.063
  0.063
  0.063
  0.064
  0.064
  0.065
  0.065
  0.066
  0.067
  0.069
  0.070
  0.071
  0.073
  0.075
  0.076
  0.078
  0.080
  0.081
  0.083
  0.085
  0.086
  0.087
  0.089
  0.090
  0.091
  0.092
  0.093
  0.093
  0.094
  0.094
  0.094
  0.095
  0.095
  0.095
  0.095
  0.095
  0.095
  0.095
  0.095
  0.095
  0.095
  0.095
  0.095
  0.095
  0.095
  0.095
  0.095
  0.095
  0.096
  0.096
  0.096
  0.096
  0.096
  0.096
  0.097
  0.097
  0.097
  0.098
  0.098
  0.099
  0.099
  0.100
  0.100
  0.101
  0.102
  0.103
  0.104
  0.104
  0.105
  0.106
  0.106
  0.107
  0.107
  0.108
  0.108
  0.108
  0.108
  0.108
  0.108
  0.108
  0.107
  0.107
  0.107
  0.106
  0.106
  0.106
  0.106
  0.106
  0.106
  0.107
  0.107
  0.108
  0.109
  0.110
  0.111
  0.112
  0.114
  0.115
  0.117
  0.119
  0.120
  0.122
  0.123
  0.125
  0.126
  0.128
  0.129
  0.130
  0.131
  0.131
  0.131
  0.132
  0.132
  0.131
  0.131
  0.130
  0.129
  0.128
  0.127
  0.126
  0.125
  0.123
  0.122
  0.121
  0.120
  0.118
  0.117
  0.116
  0.115
  0.114
  0.114
  0.113
  0.113
  0.113
  0.112
  0.112
  0.112
  0.112
  0.112
  0.112
  0.112
  0.112
  0.112
  0.112
  0.112
  0.112
  0.112
  0.112
  0.112
  0.111
  0.111
  0.111
  0.111
  0.112
  0.112
  0.112
  0.113
  0.113
  0.114
  0.115
  0.117
  0.118
  0.120
  0.121
  0.123
  0.125
  0.127
  0.129
  0.130
  0.132
  0.133
  0.133
  0.133
  0.133
  0.132
  0.131
  0.129
  0.127
  0.125
  0.122
  0.119
  0.116
  0.114
  0.111
  0.109
  0.107
  0.105
  0.104
  0.102
  0.101
  0.101
  0.100
  0.100
  0.100
  0.100
  0.100
  0.100
  0.100
  0.100
  0.099
  0.099
  0.099
  0.099
  0.099
  0.099
  0.099
  0.098
  0.098
  0.098
  0.098
  0.098
  0.097
  0.097
  0.097
  0.097
  0.097
  0.097
  0.097
  0.097
  0.097
  0.097
  0.097
  0.097
  0.097
  0.097
  0.097
  0.097
  0.097
  0.097
  0.097
  0.097
  0.097
  0.097
  0.097
  0.097
  0.097
  0.097
  0.097
  0.097
  0.097
  0.097
  0.097
  0.097
  0.098
  0.098
  0.098
  0.098
  0.098
  0.098
  0.098
  0.098
  0.098
  0.098
  0.098
  0.098
  0.098
  0.098
  0.098
  0.098
  0.097
  0.097
  0.097
  0.097
  0.097
  0.096
  0.096
  0.096
  0.096
  0.096
  0.096
  0.095
  0.095
  0.095
  0.094
  0.094
  0.094
  0.093
  0.092
  0.092
  0.091
  0.090
  0.089
  0.089
  0.088
  0.087
  0.086
  0.085
  0.084
  0.083
  0.083
  0.082
  0.081
  0.081
  0.080
  0.080
  0.080
  0.080
  0.080
  0.080
  0.080
  0.080
  0.080
  0.081
  0.081
  0.081
  0.082
  0.082
  0.083
  0.083
  0.083
  0.084
  0.084
  0.083
  0.083
  0.082
  0.081
  0.079
  0.078
  0.076
  0.074
  0.073
  0.072
  0.070
  0.069
  0.068
  0.066
  0.065
  0.064
  0.062
  0.061
  0.059
  0.058
  0.057
  0.055
  0.054
  0.053
  0.051
  0.050
  0.048
  0.047
  0.046
  0.044
  0.043
  0.041
  0.040
  0.039
  0.037
  0.036
  0.035
  0.033
  0.032
  0.030
  0.029
  0.028
  0.026
  0.025
  0.023
  0.022
  0.021
  0.019
  0.018
  0.017
  0.015
  0.014
  0.012
  0.011
  0.010
  0.008
  0.007
  0.006
  0.004
  0.003
  0.001
