  0.000
  0.000
  0.001
  0.001
  0.000
  0.000
  0.000
  0.000
  0.000
  0.000
  0.000
  0.000
  0.000
  0.000
  0.000
  0.000
  0.000
  0.000
  0.000
  0.000
  0.001
  0.001
  0.002
  0.003
  0.004
  0.005
  0.007
  0.008
  0.010
  0.011
  0.012
  0.014
  0.015
  0.016
  0.017
  0.017
  0.018
  0.018
  0.018
  0.018
  0.018
  0.018
  0.018
  0.018
  0.019
  0.019
  0.020
  0.021
  0.022
  0.023
  0.025
  0.027
  0.029
  0.031
  0.033
  0.036
  0.038
  0.040
  0.042
  0.044
  0.046
  0.047
  0.049
  0.049
  0.050
  0.050
  0.049
  0.048
  0.047
  0.045
  0.042
  0.039
  0.036
  0.032
  0.027
  0.022
  0.017
  0.011
  0.005
  0.000
  0.000
  0.000
  0.000
  0.000
  0.000
  0.000
  0.000
  0.000
  0.000
  0.002
  0.019
  0.041
  0.069
  0.103
  0.144
  0.191
  0.246
  0.309
  0.379
  0.457
  0.543
  0.636
  0.737
  0.846
  0.962
  1.085
  1.215
  1.350
  1.491
  1.637
  1.786
  1.937
  2.090
  2.244
  2.396
  2.547
  2.694
  2.837
  2.975
  3.109
  3.237
  3.358
  3.474
  3.583
  3.687
  3.786
  3.879
  3.968
  4.053
  4.133
  4.211
  4.285
  4.356
  4.425
  4.490
  4.554
  4.615
  4.674
  4.730
  4.784
  4.836
  4.884
  4.930
  4.973
  5.013
  5.050
  5.084
  5.115
  5.142
  5.166
  5.187
  5.205
  5.220
  5.231
  5.240
  5.246
  5.250
  5.251
  5.250
  5.246
  5.241
  5.234
  5.225
  5.215
  5.204
  5.191
  5.178
  5.164
  5.149
  5.133
  5.117
  5.101
  5.084
  5.067
  5.050
  5.033
  5.016
  4.999
  4.982
  4.966
  4.950
  4.934
  4.919
  4.905
  4.891
  4.877
  4.864
  4.852
  4.839
  4.827
  4.815
  4.803
  4.791
  4.778
  4.766
  4.753
  4.740
  4.726
  4.712
  4.698
  4.684
  4.670
  4.656
  4.642
  4.627
  4.613
  4.599
  4.584
  4.569
  4.554
  4.538
  4.522
  4.505
  4.487
  4.469
  4.449
  4.429
  4.408
  4.386
  4.363
  4.340
  4.317
  4.293
  4.268
  4.244
  4.219
  4.195
  4.171
  4.147
  4.124
  4.101
  4.079
  4.057
  4.036
  4.017
  3.998
  3.979
  3.962
  3.945
  3.929
  3.914
  3.898
  3.883
  3.868
  3.852
  3.835
  3.816
  3.796
  3.773
  3.748
  3.720
  3.689
  3.655
  3.617
  3.576
  3.532
  3.484
  3.434
  3.381
  3.326
  3.270
  3.213
  3.155
  3.098
  3.041
  2.985
  2.931
  2.879
  2.829
  2.781
  2.736
  2.694
  2.654
  2.617
  2.582
  2.550
  2.520
  2.492
  2.466
  2.442
  2.420
  2.399
  2.379
  2.361
  2.344
  2.327
  2.312
  2.297
  2.283
  2.269
  2.256
  2.243
  2.230
  2.218
  2.206
  2.194
  2.183
  2.172
  2.161
  2.151
  2.141
  2.131
  2.122
  2.113
  2.104
  2.096
  2.087
  2.079
  2.071
  2.063
  2.054
  2.046
  2.037
  2.027
  2.018
  2.008
  1.998
  1.988
  1.978
  1.967
  1.957
  1.946
  1.935
  1.925
  1.914
  1.903
  1.892
  1.881
  1.870
  1.859
  1.849
  1.837
  1.826
  1.815
  1.804
  1.793
  1.782
  1.770
  1.759
  1.748
  1.737
  1.727
  1.716
  1.706
  1.696
  1.686
  1.676
  1.666
  1.656
  1.646
  1.636
  1.626
  1.616
  1.606
  1.596
  1.585
  1.574
  1.563
  1.551
  1.539
  1.527
  1.515
  1.502
  1.488
  1.475
  1.462
  1.448
  1.435
  1.422
  1.409
  1.397
  1.386
  1.375
  1.365
  1.356
  1.348
  1.340
  1.334
  1.328
  1.322
  1.318
  1.314
  1.310
  1.307
  1.305
  1.302
  1.300
  1.298
  1.296
  1.294
  1.291
  1.289
  1.286
  1.283
  1.280
  1.276
  1.272
  1.267
  1.262
  1.256
  1.250
  1.243
  1.236
  1.228
  1.220
  1.213
  1.204
  1.196
  1.188
  1.181
  1.173
  1.166
  1.159
  1.153
  1.147
  1.142
  1.137
  1.133
  1.129
  1.126
  1.123
  1.120
  1.117
  1.115
  1.113
  1.111
  1.108
  1.106
  1.104
  1.102
  1.101
  1.099
  1.097
  1.095
  1.094
  1.092
  1.091
  1.089
  1.088
  1.086
  1.084
  1.083
  1.081
  1.078
  1.076
  1.074
  1.071
  1.068
  1.065
  1.062
  1.059
  1.055
  1.051
  1.047
  1.043
  1.039
  1.035
  1.030
  1.026
  1.021
  1.017
  1.012
  1.008
  1.003
  0.999
  0.994
  0.989
  0.985
  0.980
  0.975
  0.970
  0.965
  0.960
  0.954
  0.949
  0.944
  0.938
  0.933
  0.928
  0.923
  0.919
  0.914
  0.910
  0.906
  0.903
  0.899
  0.896
  0.894
  0.891
  0.889
  0.886
  0.884
  0.882
  0.881
  0.879
  0.877
  0.876
  0.874
  0.873
  0.871
  0.869
  0.867
  0.865
  0.863
  0.860
  0.858
  0.855
  0.852
  0.848
  0.845
  0.841
  0.837
  0.834
  0.830
  0.826
  0.822
  0.819
  0.815
  0.811
  0.808
  0.804
  0.801
  0.798
  0.795
  0.792
  0.789
  0.786
  0.783
  0.780
  0.778
  0.775
  0.773
  0.771
  0.769
  0.767
  0.765
  0.763
  0.762
  0.760
  0.758
  0.757
  0.756
  0.754
  0.753
  0.751
  0.750
  0.749
  0.747
  0.745
  0.744
  0.742
  0.740
  0.738
  0.736
  0.734
  0.732
  0.730
  0.727
  0.724
  0.722
  0.719
  0.716
  0.713
  0.710
  0.707
  0.705
  0.702
  0.699
  0.696
  0.693
  0.691
  0.688
  0.686
  0.683
  0.681
  0.679
  0.677
  0.675
  0.673
  0.671
  0.669
  0.667
  0.665
  0.664
  0.662
  0.660
  0.659
  0.657
  0.655
  0.654
  0.652
  0.650
  0.649
  0.647
  0.645
  0.644
  0.642
  0.641
  0.639
  0.638
  0.637
  0.635
  0.634
  0.632
  0.631
  0.629
  0.628
  0.626
  0.623
  0.621
  0.618
  0.616
  0.612
  0.609
  0.606
  0.602
  0.598
  0.595
  0.591
  0.587
  0.583
  0.579
  0.576
  0.572
  0.568
  0.565
  0.561
  0.558
  0.555
  0.552
  0.549
  0.545
  0.543
  0.540
  0.537
  0.534
  0.532
  0.529
  0.527
  0.525
  0.522
  0.520
  0.518
  0.516
  0.515
  0.513
  0.511
  0.509
  0.508
  0.506
  0.505
  0.503
  0.502
  0.500
  0.499
  0.498
  0.496
  0.495
  0.494
  0.492
  0.491
  0.490
  0.489
  0.487
  0.486
  0.485
  0.483
  0.482
  0.481
  0.480
  0.479
  0.478
  0.477
  0.476
  0.475
  0.474
  0.474
  0.473
  0.472
  0.472
  0.471
  0.471
  0.470
  0.470
  0.469
  0.469
  0.468
  0.467
  0.467
  0.466
  0.466
  0.465
  0.465
  0.465
  0.464
  0.464
  0.464
  0.464
  0.464
  0.464
  0.464
  0.464
  0.465
  0.465
  0.465
  0.466
  0.466
  0.466
  0.466
  0.466
  0.466
  0.466
  0.466
  0.466
  0.465
  0.465
  0.464
  0.464
  0.463
  0.463
  0.462
  0.461
  0.460
  0.459
  0.458
  0.457
  0.456
  0.456
  0.455
  0.454
  0.454
  0.453
  0.453
  0.452
  0.452
  0.452
  0.452
  0.451
  0.451
  0.451
  0.451
  0.451
  0.451
  0.451
  0.451
  0.450
  0.450
  0.449
  0.449
  0.448
  0.447
  0.446
  0.445
  0.444
  0.443
  0.442
  0.441
  0.440
  0.438
  0.437
  0.436
  0.435
  0.433
  0.432
  0.431
  0.430
  0.428
  0.427
  0.426
  0.425
  0.423
  0.422
  0.421
  0.419
  0.418
  0.417
  0.415
  0.413
  0.411
  0.410
  0.408
  0.406
  0.404
  0.402
  0.400
  0.398
  0.395
  0.394
  0.392
  0.390
  0.388
  0.387
  0.385
  0.384
  0.382
  0.381
  0.380
  0.379
  0.377
  0.376
  0.375
  0.374
  0.373
  0.372
  0.371
  0.370
  0.369
  0.368
  0.366
  0.365
  0.365
  0.364
  0.363
  0.362
  0.361
  0.361
  0.360
  0.360
  0.360
  0.359
  0.359
  0.359
  0.359
  0.358
  0.358
  0.358
  0.358
  0.358
  0.357
  0.357
  0.357
  0.356
  0.356
  0.355
  0.354
  0.354
  0.353
  0.352
  0.351
  0.351
  0.350
  0.349
  0.348
  0.347
  0.347
  0.346
  0.345
  0.344
  0.344
  0.343
  0.342
  0.342
  0.341
  0.340
  0.340
  0.339
  0.338
  0.338
  0.337
  0.336
  0.335
  0.335
  0.334
  0.333
  0.333
  0.332
  0.332
  0.332
  0.331
  0.331
  0.332
  0.332
  0.332
  0.333
  0.333
  0.334
  0.334
  0.335
  0.335
  0.336
  0.336
  0.336
  0.336
  0.336
  0.336
  0.335
  0.334
  0.333
  0.332
  0.330
  0.329
  0.327
  0.325
  0.324
  0.322
  0.320
  0.318
  0.317
  0.315
  0.313
  0.312
  0.310
  0.309
  0.308
  0.306
  0.305
  0.304
  0.302
  0.301
  0.300
  0.299
  0.297
  0.296
  0.295
  0.293
  0.292
  0.291
  0.289
  0.288
  0.287
  0.286
  0.285
  0.284
  0.283
  0.282
  0.281
  0.280
  0.279
  0.278
  0.278
  0.277
  0.277
  0.276
  0.276
  0.275
  0.275
  0.274
  0.274
  0.274
  0.274
  0.273
  0.273
  0.273
  0.272
  0.272
  0.272
  0.271
  0.271
  0.270
  0.270
  0.269
  0.268
  0.268
  0.267
  0.266
  0.265
  0.264
  0.263
  0.262
  0.261
  0.261
  0.260
  0.259
  0.258
  0.258
  0.257
  0.257
  0.257
  0.257
  0.258
  0.259
  0.259
  0.260
  0.261
  0.262
  0.264
  0.265
  0.266
  0.267
  0.269
  0.270
  0.271
  0.271
  0.272
  0.273
  0.273
  0.274
  0.274
  0.274
  0.274
  0.274
  0.274
  0.274
  0.274
  0.274
  0.274
  0.273
  0.273
  0.272
  0.272
  0.271
  0.271
  0.270
  0.269
  0.268
  0.267
  0.266
  0.265
  0.264
  0.263
  0.261
  0.260
  0.259
  0.258
  0.257
  0.256
  0.255
  0.254
  0.253
  0.253
  0.253
  0.252
  0.252
  0.252
  0.253
  0.253
  0.253
  0.253
  0.254
  0.254
  0.254
  0.254
  0.254
  0.253
  0.253
  0.253
  0.252
  0.251
  0.250
  0.249
  0.248
  0.247
  0.246
  0.245
  0.244
  0.243
  0.242
  0.241
  0.240
  0.239
  0.238
  0.237
  0.236
  0.235
  0.234
  0.233
  0.232
  0.231
  0.230
  0.229
  0.229
  0.228
  0.227
  0.226
  0.225
  0.224
  0.223
  0.222
  0.221
  0.220
  0.220
  0.219
  0.218
  0.218
  0.217
  0.217
  0.216
  0.216
  0.215
  0.215
  0.215
  0.215
  0.214
  0.214
  0.214
  0.214
  0.215
  0.215
  0.215
  0.215
  0.216
  0.216
  0.216
  0.217
  0.217
  0.218
  0.219
  0.219
  0.220
  0.220
  0.221
  0.221
  0.222
  0.222
  0.222
  0.223
  0.223
  0.223
  0.223
  0.223
  0.223
  0.223
  0.223
  0.223
  0.223
  0.224
  0.224
  0.224
  0.224
  0.224
  0.224
  0.224
  0.224
  0.224
  0.224
  0.224
  0.224
  0.223
  0.223
  0.223
  0.222
  0.222
  0.221
  0.221
  0.220
  0.220
  0.220
  0.220
  0.219
  0.219
  0.219
  0.219
  0.219
  0.219
  0.219
  0.219
  0.219
  0.219
  0.219
  0.219
  0.219
  0.219
  0.219
  0.219
  0.219
  0.219
  0.219
  0.219
  0.219
  0.219
  0.219
  0.219
  0.219
  0.219
  0.219
  0.219
  0.219
  0.219
  0.219
  0.219
  0.219
  0.218
  0.218
  0.218
  0.218
  0.217
  0.217
  0.217
  0.216
  0.216
  0.216
  0.215
  0.215
  0.215
  0.215
  0.214
  0.214
  0.214
  0.214
  0.214
  0.213
  0.213
  0.213
  0.212
  0.212
  0.212
  0.211
  0.210
  0.210
  0.209
  0.208
  0.207
  0.207
  0.206
  0.205
  0.204
  0.204
  0.203
  0.203
  0.202
  0.202
  0.201
  0.201
  0.201
  0.200
  0.200
  0.200
  0.199
  0.199
  0.199
  0.198
  0.197
  0.197
  0.196
  0.195
  0.194
  0.193
  0.192
  0.191
  0.190
  0.188
  0.187
  0.186
  0.185
  0.184
  0.183
  0.183
  0.182
  0.181
  0.181
  0.180
  0.180
  0.180
  0.179
  0.179
  0.179
  0.179
  0.179
  0.179
  0.180
  0.180
  0.181
  0.181
  0.182
  0.182
  0.183
  0.184
  0.185
  0.186
  0.187
  0.189
  0.190
  0.191
  0.192
  0.193
  0.195
  0.196
  0.197
  0.197
  0.198
  0.199
  0.199
  0.200
  0.200
  0.200
  0.200
  0.200
  0.200
  0.200
  0.200
  0.199
  0.199
  0.198
  0.198
  0.197
  0.197
  0.196
  0.195
  0.194
  0.193
  0.193
  0.192
  0.191
  0.190
  0.189
  0.188
  0.187
  0.187
  0.186
  0.185
  0.185
  0.184
  0.184
  0.183
  0.183
  0.183
  0.183
  0.182
  0.182
  0.182
  0.182
  0.182
  0.182
  0.182
  0.181
  0.181
  0.181
  0.181
  0.180
  0.180
  0.179
  0.179
  0.178
  0.177
  0.176
  0.175
  0.174
  0.173
  0.172
  0.171
  0.170
  0.168
  0.167
  0.166
  0.164
  0.163
  0.162
  0.161
  0.160
  0.158
  0.157
  0.156
  0.155
  0.154
  0.153
  0.153
  0.152
  0.151
  0.151
  0.150
  0.150
  0.149
  0.149
  0.149
  0.149
  0.149
  0.149
  0.149
  0.149
  0.149
  0.149
  0.149
  0.149
  0.150
  0.150
  0.150
  0.150
  0.150
  0.151
  0.151
  0.151
  0.151
  0.151
  0.151
  0.150
  0.150
  0.150
  0.150
  0.150
  0.150
  0.149
  0.149
  0.149
  0.149
  0.149
  0.149
  0.149
  0.148
  0.148
  0.148
  0.148
  0.148
  0.147
  0.147
  0.146
  0.146
  0.145
  0.145
  0.144
  0.143
  0.143
  0.142
  0.141
  0.140
  0.139
  0.138
  0.137
  0.136
  0.135
  0.135
  0.134
  0.133
  0.133
  0.132
  0.132
  0.131
  0.131
  0.131
  0.131
  0.131
  0.131
  0.130
  0.130
  0.130
  0.130
  0.131
  0.131
  0.131
  0.131
  0.131
  0.131
  0.131
  0.131
  0.131
  0.131
  0.131
  0.131
  0.131
  0.131
  0.131
  0.131
  0.131
  0.131
  0.131
  0.131
  0.132
  0.132
  0.132
  0.132
  0.132
  0.133
  0.133
  0.133
  0.134
  0.134
  0.134
  0.134
  0.135
  0.135
  0.135
  0.135
  0.135
  0.135
  0.135
  0.135
  0.135
  0.134
  0.134
  0.134
  0.134
  0.133
  0.133
  0.133
  0.132
  0.132
  0.132
  0.132
  0.131
  0.131
  0.131
  0.131
  0.131
  0.131
  0.131
  0.131
  0.131
  0.131
  0.131
  0.131
  0.131
  0.131
  0.131
  0.131
  0.131
  0.131
  0.131
  0.131
  0.131
  0.131
  0.131
  0.131
  0.131
  0.131
  0.131
  0.131
  0.131
  0.131
  0.131
  0.131
  0.131
  0.131
  0.131
  0.131
  0.131
  0.131
  0.131
  0.131
  0.131
  0.131
  0.131
  0.131
  0.131
  0.131
  0.131
  0.131
  0.131
  0.131
  0.131
  0.131
  0.131
  0.132
  0.132
  0.132
  0.132
  0.132
  0.133
  0.133
  0.133
  0.133
  0.134
  0.134
  0.134
  0.133
  0.133
  0.133
  0.132
  0.131
  0.130
  0.129
  0.127
  0.125
  0.122
  0.119
  0.116
  0.112
  0.108
  0.103
  0.098
  0.093
  0.088
  0.082
  0.076
  0.070
  0.064
  0.058
  0.052
  0.047
  0.041
  0.037
  0.032
  0.028
  0.025
  0.022
  0.020
  0.018
  0.017
  0.017
  0.017
  0.019
  0.020
  0.023
  0.025
  0.029
  0.033
  0.037
  0.042
  0.048
  0.053
  0.059
  0.064
  0.070
  0.075
  0.081
  0.086
  0.090
  0.095
  0.098
  0.102
  0.105
  0.108
  0.111
  0.113
  0.115
  0.118
  0.120
  0.123
  0.125
  0.127
  0.130
  0.132
  0.134
  0.136
  0.137
  0.138
  0.139
  0.140
  0.140
  0.139
  0.139
  0.138
  0.137
  0.135
  0.134
  0.132
  0.131
  0.130
  0.130
  0.130
  0.130
  0.131
  0.132
  0.133
  0.134
  0.136
  0.137
  0.138
  0.139
  0.139
  0.139
  0.139
  0.138
  0.137
  0.136
  0.134
  0.133
  0.132
  0.131
  0.130
  0.130
  0.130
  0.131
  0.132
  0.134
  0.135
  0.137
  0.138
  0.139
  0.139
  0.140
  0.139
  0.139
  0.138
  0.136
  0.134
  0.133
  0.131
  0.130
  0.130
  0.130
  0.131
  0.133
  0.136
  0.140
  0.144
  0.149
  0.154
  0.160
  0.166
  0.172
  0.178
  0.184
  0.190
  0.195
  0.199
  0.204
  0.207
  0.210
  0.213
  0.214
  0.215
  0.216
  0.215
  0.214
  0.213
  0.211
  0.208
  0.205
  0.202
  0.198
  0.194
  0.191
  0.187
  0.183
  0.179
  0.176
  0.172
  0.169
  0.166
  0.164
  0.161
  0.159
  0.157
  0.155
  0.153
  0.152
  0.151
  0.149
  0.148
  0.147
  0.146
  0.146
  0.145
  0.144
  0.144
  0.143
  0.142
  0.142
  0.141
  0.141
  0.140
  0.140
  0.139
  0.138
  0.138
  0.137
  0.137
  0.136
  0.136
  0.135
  0.135
  0.134
  0.134
  0.133
  0.132
  0.132
  0.131
  0.130
  0.129
  0.128
  0.126
  0.125
  0.123
  0.122
  0.120
  0.118
  0.116
  0.114
  0.111
  0.109
  0.106
  0.103
  0.099
  0.096
  0.092
  0.088
  0.084
  0.079
  0.074
  0.069
  0.064
  0.059
  0.055
  0.050
  0.045
  0.041
  0.037
  0.033
  0.030
  0.027
  0.025
  0.023
  0.021
  0.019
  0.018
  0.017
  0.016
  0.015
  0.015
  0.014
  0.014
  0.013
  0.013
  0.012
  0.012
  0.011
  0.011
  0.011
  0.010
  0.010
  0.009
  0.009
  0.008
  0.008
  0.008
  0.007
  0.007
  0.007
  0.006
  0.006
  0.006
  0.006
  0.006
  0.005
  0.005
  0.005
  0.005
  0.005
  0.005
  0.005
  0.006
  0.006
  0.006
  0.007
  0.008
  0.009
  0.010
  0.010
  0.011
  0.012
  0.013
  0.014
  0.015
  0.016
  0.016
  0.017
  0.017
  0.017
  0.017
  0.017
  0.016
  0.016
  0.015
  0.015
  0.014
  0.014
  0.013
  0.012
  0.012
  0.012
  0.011
  0.011
  0.011
  0.010
  0.010
  0.010
  0.010
  0.010
  0.010
  0.010
  0.009
  0.009
  0.009
  0.009
  0.009
  0.009
  0.008
  0.008
  0.007
  0.007
  0.006
  0.006
  0.005
  0.004
  0.004
  0.003
  0.003
  0.002
  0.002
  0.002
  0.002
  0.001
  0.001
  0.001
  0.001
  0.002
  0.002
  0.002
  0.002
  0.002
  0.002
  0.002
  0.002
  0.002
  0.001
  0.001
  0.000
  0.000
  0.000
  0.000
  0.000
  0.000
  0.000
  0.000
  0.000
  0.000
  0.000
  0.000
  0.000
  0.000
  0.000
  0.000
  0.000
  0.003
  0.010
  0.019
  0.030
  0.044
  0.059
  0.076
  0.094
  0.115
  0.137
  0.160
  0.184
  0.208
  0.232
  0.256
  0.279
  0.300
  0.319
  0.336
  0.350
  0.361
  0.369
  0.375
  0.380
  0.383
  0.384
  0.384
  0.383
  0.380
  0.375
  0.369
  0.362
  0.355
  0.348
  0.341
  0.335
  0.329
  0.323
  0.316
  0.310
  0.304
  0.298
  0.291
  0.285
  0.278
  0.272
  0.266
  0.259
  0.253
  0.247
  0.240
  0.234
  0.228
  0.221
  0.215
  0.209
  0.203
  0.196
  0.190
  0.184
  0.177
  0.171
  0.165
  0.158
  0.152
  0.146
  0.139
  0.133
  0.127
  0.120
  0.114
  0.108
  0.101
  0.095
  0.089
  0.082
  0.076
  0.070
  0.063
  0.057
  0.051
  0.044
  0.038
  0.032
  0.025
  0.019
  0.013
  0.006
