  0.000
  0.000
  0.000
  0.000
  0.000
  0.000
  0.000
  0.000
  0.000
  0.000
  0.000
  0.000
  0.000
  0.000
  0.000
  0.000
  0.000
  0.000
  0.000
  0.000
  0.001
  0.002
  0.003
  0.005
  0.007
  0.008
  0.010
  0.013
  0.015
  0.017
  0.020
  0.022
  0.024
  0.026
  0.028
  0.030
  0.031
  0.032
  0.033
  0.033
  0.033
  0.032
  0.031
  0.030
  0.029
  0.028
  0.027
  0.026
  0.025
  0.025
  0.026
  0.026
  0.028
  0.030
  0.033
  0.037
  0.041
  0.046
  0.052
  0.057
  0.064
  0.070
  0.076
  0.082
  0.088
  0.094
  0.099
  0.104
  0.107
  0.110
  0.113
  0.114
  0.114
  0.114
  0.113
  0.111
  0.108
  0.105
  0.101
  0.097
  0.092
  0.088
  0.084
  0.080
  0.076
  0.073
  0.071
  0.070
  0.070
  0.071
  0.073
  0.077
  0.082
  0.088
  0.096
  0.105
  0.116
  0.128
  0.142
  0.157
  0.174
  0.191
  0.211
  0.231
  0.253
  0.276
  0.301
  0.327
  0.354
  0.383
  0.414
  0.446
  0.480
  0.516
  0.555
  0.595
  0.638
  0.684
  0.732
  0.782
  0.836
  0.892
  0.951
  1.013
  1.077
  1.144
  1.213
  1.284
  1.358
  1.433
  1.509
  1.587
  1.666
  1.745
  1.825
  1.905
  1.984
  2.063
  2.142
  2.220
  2.297
  2.372
  2.447
  2.520
  2.592
  2.662
  2.731
  2.798
  2.864
  2.929
  2.992
  3.054
  3.115
  3.175
  3.233
  3.291
  3.348
  3.403
  3.459
  3.513
  3.568
  3.621
  3.675
  3.728
  3.781
  3.833
  3.886
  3.938
  3.991
  4.043
  4.096
  4.148
  4.200
  4.252
  4.303
  4.355
  4.405
  4.456
  4.505
  4.553
  4.601
  4.647
  4.693
  4.737
  4.779
  4.821
  4.861
  4.901
  4.939
  4.976
  5.012
  5.048
  5.083
  5.117
  5.151
  5.184
  5.217
  5.249
  5.281
  5.312
  5.342
  5.371
  5.399
  5.426
  5.452
  5.477
  5.500
  5.523
  5.545
  5.565
  5.585
  5.603
  5.621
  5.638
  5.654
  5.670
  5.685
  5.699
  5.713
  5.726
  5.739
  5.751
  5.762
  5.773
  5.784
  5.793
  5.802
  5.811
  5.818
  5.825
  5.831
  5.835
  5.839
  5.841
  5.842
  5.842
  5.840
  5.837
  5.832
  5.825
  5.818
  5.808
  5.798
  5.786
  5.774
  5.761
  5.748
  5.734
  5.721
  5.709
  5.698
  5.687
  5.678
  5.669
  5.662
  5.656
  5.651
  5.647
  5.644
  5.640
  5.637
  5.634
  5.631
  5.627
  5.623
  5.619
  5.614
  5.609
  5.604
  5.599
  5.593
  5.588
  5.582
  5.577
  5.572
  5.566
  5.561
  5.556
  5.551
  5.545
  5.539
  5.532
  5.524
  5.516
  5.506
  5.497
  5.486
  5.474
  5.462
  5.449
  5.436
  5.422
  5.408
  5.392
  5.377
  5.360
  5.342
  5.324
  5.305
  5.284
  5.263
  5.240
  5.215
  5.189
  5.162
  5.133
  5.102
  5.069
  5.035
  4.998
  4.960
  4.919
  4.877
  4.834
  4.789
  4.743
  4.697
  4.650
  4.603
  4.557
  4.511
  4.465
  4.420
  4.376
  4.332
  4.289
  4.245
  4.202
  4.158
  4.114
  4.069
  4.024
  3.978
  3.932
  3.886
  3.840
  3.795
  3.752
  3.709
  3.669
  3.631
  3.596
  3.564
  3.535
  3.509
  3.485
  3.464
  3.444
  3.426
  3.409
  3.391
  3.373
  3.353
  3.331
  3.307
  3.280
  3.249
  3.216
  3.179
  3.139
  3.096
  3.052
  3.005
  2.957
  2.909
  2.861
  2.814
  2.768
  2.723
  2.680
  2.639
  2.600
  2.564
  2.530
  2.499
  2.470
  2.443
  2.418
  2.395
  2.373
  2.353
  2.333
  2.315
  2.296
  2.278
  2.261
  2.242
  2.224
  2.205
  2.185
  2.165
  2.145
  2.123
  2.102
  2.080
  2.058
  2.035
  2.013
  1.990
  1.967
  1.945
  1.922
  1.900
  1.877
  1.855
  1.833
  1.811
  1.789
  1.767
  1.746
  1.725
  1.704
  1.683
  1.664
  1.645
  1.627
  1.609
  1.593
  1.578
  1.564
  1.552
  1.541
  1.530
  1.521
  1.513
  1.506
  1.500
  1.493
  1.488
  1.482
  1.476
  1.469
  1.463
  1.455
  1.447
  1.438
  1.427
  1.416
  1.405
  1.392
  1.379
  1.365
  1.350
  1.336
  1.321
  1.306
  1.291
  1.276
  1.262
  1.248
  1.234
  1.221
  1.209
  1.197
  1.185
  1.175
  1.164
  1.155
  1.145
  1.137
  1.129
  1.121
  1.113
  1.106
  1.098
  1.091
  1.083
  1.076
  1.068
  1.060
  1.051
  1.042
  1.033
  1.024
  1.014
  1.004
  0.994
  0.983
  0.973
  0.963
  0.953
  0.944
  0.934
  0.926
  0.917
  0.909
  0.901
  0.894
  0.887
  0.881
  0.875
  0.869
  0.863
  0.858
  0.852
  0.847
  0.842
  0.836
  0.831
  0.825
  0.820
  0.814
  0.808
  0.802
  0.796
  0.790
  0.784
  0.778
  0.772
  0.766
  0.760
  0.754
  0.748
  0.742
  0.736
  0.731
  0.726
  0.721
  0.716
  0.711
  0.707
  0.702
  0.698
  0.695
  0.691
  0.688
  0.685
  0.682
  0.680
  0.677
  0.675
  0.673
  0.671
  0.670
  0.669
  0.667
  0.666
  0.665
  0.664
  0.664
  0.663
  0.662
  0.662
  0.661
  0.661
  0.660
  0.660
  0.659
  0.658
  0.657
  0.656
  0.655
  0.654
  0.652
  0.651
  0.649
  0.647
  0.644
  0.641
  0.639
  0.636
  0.632
  0.629
  0.625
  0.622
  0.618
  0.614
  0.611
  0.607
  0.603
  0.600
  0.596
  0.592
  0.589
  0.585
  0.582
  0.578
  0.574
  0.571
  0.567
  0.564
  0.560
  0.557
  0.553
  0.549
  0.546
  0.542
  0.538
  0.534
  0.529
  0.525
  0.520
  0.516
  0.511
  0.506
  0.502
  0.497
  0.493
  0.488
  0.484
  0.480
  0.476
  0.473
  0.469
  0.466
  0.463
  0.460
  0.457
  0.454
  0.451
  0.448
  0.444
  0.441
  0.438
  0.434
  0.431
  0.428
  0.424
  0.420
  0.417
  0.414
  0.410
  0.407
  0.404
  0.401
  0.398
  0.396
  0.393
  0.391
  0.389
  0.387
  0.385
  0.383
  0.382
  0.380
  0.378
  0.377
  0.375
  0.373
  0.372
  0.370
  0.368
  0.366
  0.364
  0.361
  0.359
  0.357
  0.354
  0.352
  0.349
  0.347
  0.344
  0.342
  0.339
  0.337
  0.335
  0.333
  0.330
  0.328
  0.326
  0.324
  0.322
  0.321
  0.319
  0.317
  0.316
  0.314
  0.312
  0.311
  0.309
  0.307
  0.306
  0.304
  0.302
  0.300
  0.298
  0.297
  0.295
  0.293
  0.291
  0.290
  0.288
  0.286
  0.285
  0.284
  0.283
  0.281
  0.280
  0.279
  0.279
  0.278
  0.277
  0.276
  0.276
  0.275
  0.274
  0.273
  0.272
  0.271
  0.270
  0.269
  0.268
  0.267
  0.266
  0.264
  0.262
  0.261
  0.259
  0.257
  0.254
  0.252
  0.250
  0.248
  0.246
  0.244
  0.242
  0.240
  0.238
  0.236
  0.235
  0.233
  0.232
  0.231
  0.230
  0.229
  0.228
  0.227
  0.227
  0.226
  0.225
  0.224
  0.224
  0.223
  0.222
  0.222
  0.221
  0.221
  0.221
  0.221
  0.221
  0.221
  0.221
  0.221
  0.222
  0.222
  0.222
  0.222
  0.222
  0.222
  0.222
  0.222
  0.221
  0.220
  0.219
  0.218
  0.217
  0.215
  0.214
  0.212
  0.211
  0.209
  0.208
  0.207
  0.206
  0.205
  0.204
  0.203
  0.202
  0.202
  0.201
  0.201
  0.200
  0.200
  0.200
  0.199
  0.199
  0.198
  0.197
  0.196
  0.196
  0.194
  0.193
  0.192
  0.190
  0.189
  0.187
  0.185
  0.184
  0.182
  0.181
  0.180
  0.178
  0.177
  0.176
  0.176
  0.175
  0.175
  0.175
  0.175
  0.175
  0.175
  0.176
  0.176
  0.177
  0.178
  0.178
  0.179
  0.179
  0.180
  0.180
  0.180
  0.179
  0.179
  0.179
  0.178
  0.177
  0.176
  0.176
  0.175
  0.174
  0.173
  0.172
  0.172
  0.171
  0.171
  0.170
  0.170
  0.170
  0.170
  0.170
  0.170
  0.170
  0.170
  0.170
  0.170
  0.170
  0.170
  0.170
  0.171
  0.171
  0.171
  0.171
  0.171
  0.171
  0.171
  0.171
  0.171
  0.170
  0.170
  0.170
  0.169
  0.169
  0.168
  0.167
  0.167
  0.166
  0.165
  0.165
  0.164
  0.163
  0.163
  0.162
  0.162
  0.161
  0.161
  0.160
  0.160
  0.159
  0.159
  0.158
  0.158
  0.157
  0.157
  0.156
  0.156
  0.155
  0.154
  0.153
  0.153
  0.152
  0.151
  0.151
  0.150
  0.149
  0.149
  0.148
  0.148
  0.148
  0.147
  0.147
  0.147
  0.147
  0.146
  0.146
  0.146
  0.146
  0.145
  0.145
  0.145
  0.144
  0.144
  0.143
  0.143
  0.143
  0.142
  0.142
  0.141
  0.141
  0.141
  0.141
  0.141
  0.140
  0.140
  0.140
  0.140
  0.139
  0.139
  0.138
  0.138
  0.137
  0.137
  0.136
  0.135
  0.134
  0.133
  0.131
  0.130
  0.129
  0.127
  0.126
  0.124
  0.123
  0.121
  0.120
  0.119
  0.118
  0.116
  0.116
  0.115
  0.115
  0.114
  0.114
  0.115
  0.115
  0.116
  0.116
  0.117
  0.118
  0.119
  0.120
  0.121
  0.122
  0.122
  0.123
  0.123
  0.123
  0.123
  0.123
  0.123
  0.122
  0.122
  0.121
  0.120
  0.120
  0.119
  0.119
  0.118
  0.118
  0.117
  0.117
  0.117
  0.117
  0.117
  0.116
  0.116
  0.116
  0.116
  0.116
  0.115
  0.115
  0.115
  0.114
  0.113
  0.112
  0.111
  0.110
  0.109
  0.108
  0.107
  0.106
  0.105
  0.104
  0.103
  0.103
  0.102
  0.102
  0.101
  0.101
  0.101
  0.102
  0.102
  0.102
  0.103
  0.103
  0.103
  0.104
  0.104
  0.104
  0.104
  0.104
  0.104
  0.103
  0.103
  0.102
  0.101
  0.100
  0.099
  0.098
  0.098
  0.097
  0.096
  0.096
  0.096
  0.095
  0.096
  0.096
  0.096
  0.097
  0.098
  0.099
  0.100
  0.100
  0.101
  0.102
  0.103
  0.103
  0.104
  0.104
  0.104
  0.104
  0.103
  0.103
  0.102
  0.101
  0.101
  0.100
  0.099
  0.098
  0.097
  0.096
  0.095
  0.094
  0.094
  0.093
  0.093
  0.093
  0.093
  0.093
  0.093
  0.093
  0.093
  0.093
  0.094
  0.094
  0.094
  0.094
  0.094
  0.094
  0.094
  0.094
  0.094
  0.093
  0.093
  0.092
  0.092
  0.091
  0.090
  0.090
  0.089
  0.089
  0.089
  0.088
  0.088
  0.088
  0.088
  0.089
  0.089
  0.089
  0.090
  0.090
  0.091
  0.091
  0.092
  0.092
  0.093
  0.093
  0.093
  0.093
  0.092
  0.092
  0.092
  0.091
  0.091
  0.090
  0.090
  0.089
  0.089
  0.089
  0.089
  0.089
  0.089
  0.089
  0.089
  0.089
  0.090
  0.090
  0.091
  0.091
  0.091
  0.091
  0.091
  0.091
  0.091
  0.090
  0.089
  0.089
  0.088
  0.087
  0.086
  0.085
  0.084
  0.083
  0.082
  0.081
  0.080
  0.079
  0.079
  0.078
  0.078
  0.078
  0.078
  0.078
  0.078
  0.078
  0.078
  0.079
  0.079
  0.079
  0.079
  0.079
  0.079
  0.079
  0.079
  0.079
  0.078
  0.078
  0.077
  0.077
  0.076
  0.076
  0.076
  0.075
  0.075
  0.075
  0.075
  0.075
  0.076
  0.076
  0.076
  0.077
  0.078
  0.078
  0.079
  0.079
  0.080
  0.081
  0.081
  0.081
  0.082
  0.082
  0.082
  0.082
  0.082
  0.082
  0.082
  0.081
  0.081
  0.081
  0.081
  0.082
  0.082
  0.083
  0.084
  0.085
  0.086
  0.087
  0.088
  0.089
  0.091
  0.092
  0.093
  0.095
  0.096
  0.097
  0.097
  0.098
  0.098
  0.098
  0.098
  0.098
  0.097
  0.096
  0.095
  0.094
  0.093
  0.092
  0.090
  0.089
  0.088
  0.086
  0.085
  0.084
  0.083
  0.083
  0.082
  0.081
  0.081
  0.081
  0.080
  0.080
  0.080
  0.080
  0.080
  0.080
  0.080
  0.080
  0.079
  0.079
  0.079
  0.078
  0.078
  0.078
  0.077
  0.077
  0.077
  0.076
  0.076
  0.076
  0.075
  0.075
  0.075
  0.075
  0.075
  0.074
  0.074
  0.074
  0.074
  0.073
  0.073
  0.073
  0.072
  0.072
  0.071
  0.071
  0.070
  0.069
  0.069
  0.068
  0.068
  0.067
  0.067
  0.066
  0.066
  0.066
  0.066
  0.066
  0.066
  0.066
  0.067
  0.067
  0.068
  0.068
  0.069
  0.070
  0.070
  0.070
  0.071
  0.071
  0.071
  0.071
  0.071
  0.070
  0.070
  0.069
  0.068
  0.068
  0.067
  0.066
  0.065
  0.064
  0.063
  0.062
  0.061
  0.061
  0.060
  0.059
  0.059
  0.058
  0.058
  0.058
  0.058
  0.058
  0.058
  0.058
  0.059
  0.059
  0.060
  0.060
  0.061
  0.062
  0.062
  0.063
  0.063
  0.064
  0.064
  0.064
  0.064
  0.064
  0.064
  0.064
  0.064
  0.064
  0.063
  0.063
  0.062
  0.062
  0.061
  0.061
  0.060
  0.060
  0.060
  0.060
  0.059
  0.059
  0.059
  0.059
  0.059
  0.059
  0.058
  0.058
  0.058
  0.058
  0.058
  0.057
  0.057
  0.056
  0.056
  0.055
  0.055
  0.055
  0.054
  0.054
  0.054
  0.054
  0.054
  0.054
  0.054
  0.054
  0.055
  0.055
  0.055
  0.056
  0.056
  0.057
  0.057
  0.057
  0.057
  0.057
  0.057
  0.057
  0.057
  0.056
  0.056
  0.055
  0.055
  0.054
  0.054
  0.053
  0.052
  0.052
  0.052
  0.051
  0.051
  0.051
  0.051
  0.051
  0.052
  0.052
  0.053
  0.053
  0.054
  0.055
  0.056
  0.056
  0.057
  0.057
  0.058
  0.058
  0.058
  0.059
  0.059
  0.059
  0.059
  0.058
  0.058
  0.058
  0.058
  0.058
  0.058
  0.058
  0.058
  0.058
  0.058
  0.058
  0.058
  0.059
  0.059
  0.059
  0.060
  0.060
  0.060
  0.060
  0.061
  0.061
  0.061
  0.061
  0.060
  0.060
  0.060
  0.060
  0.060
  0.059
  0.059
  0.059
  0.059
  0.058
  0.058
  0.058
  0.058
  0.058
  0.058
  0.058
  0.058
  0.058
  0.058
  0.058
  0.058
  0.058
  0.058
  0.058
  0.058
  0.058
  0.058
  0.058
  0.058
  0.058
  0.058
  0.057
  0.057
  0.057
  0.057
  0.056
  0.056
  0.056
  0.055
  0.055
  0.055
  0.055
  0.055
  0.055
  0.056
  0.056
  0.056
  0.057
  0.057
  0.058
  0.059
  0.060
  0.060
  0.061
  0.062
  0.062
  0.063
  0.063
  0.063
  0.063
  0.063
  0.063
  0.063
  0.062
  0.062
  0.061
  0.060
  0.059
  0.058
  0.058
  0.057
  0.056
  0.055
  0.055
  0.054
  0.054
  0.054
  0.054
  0.054
  0.055
  0.055
  0.056
  0.057
  0.057
  0.058
  0.059
  0.060
  0.060
  0.061
  0.062
  0.062
  0.063
  0.063
  0.063
  0.063
  0.063
  0.063
  0.063
  0.063
  0.063
  0.063
  0.063
  0.063
  0.063
  0.063
  0.063
  0.063
  0.063
  0.063
  0.062
  0.062
  0.061
  0.061
  0.060
  0.059
  0.059
  0.058
  0.057
  0.056
  0.055
  0.054
  0.053
  0.052
  0.052
  0.051
  0.051
  0.051
  0.051
  0.051
  0.052
  0.052
  0.053
  0.054
  0.055
  0.056
  0.057
  0.058
  0.059
  0.059
  0.060
  0.060
  0.060
  0.060
  0.060
  0.060
  0.059
  0.059
  0.058
  0.057
  0.056
  0.055
  0.055
  0.054
  0.053
  0.052
  0.052
  0.051
  0.051
  0.051
  0.051
  0.051
  0.051
  0.051
  0.051
  0.051
  0.051
  0.051
  0.050
  0.050
  0.050
  0.049
  0.049
  0.048
  0.048
  0.047
  0.047
  0.046
  0.046
  0.045
  0.045
  0.044
  0.044
  0.044
  0.044
  0.044
  0.044
  0.044
  0.044
  0.045
  0.045
  0.045
  0.045
  0.046
  0.046
  0.046
  0.046
  0.046
  0.046
  0.046
  0.046
  0.046
  0.046
  0.045
  0.045
  0.045
  0.045
  0.044
  0.044
  0.044
  0.044
  0.044
  0.044
  0.044
  0.044
  0.044
  0.044
  0.045
  0.045
  0.045
  0.045
  0.046
  0.046
  0.046
  0.046
  0.046
  0.046
  0.046
  0.046
  0.045
  0.045
  0.044
  0.044
  0.044
  0.043
  0.043
  0.042
  0.042
  0.042
  0.042
  0.042
  0.041
  0.041
  0.042
  0.042
  0.042
  0.042
  0.042
  0.042
  0.043
  0.043
  0.043
  0.043
  0.043
  0.044
  0.044
  0.044
  0.044
  0.043
  0.043
  0.043
  0.043
  0.043
  0.042
  0.042
  0.042
  0.042
  0.042
  0.042
  0.041
  0.041
  0.041
  0.041
  0.042
  0.042
  0.042
  0.042
  0.042
  0.043
  0.043
  0.043
  0.043
  0.043
  0.043
  0.043
  0.043
  0.043
  0.043
  0.043
  0.043
  0.043
  0.043
  0.043
  0.042
  0.042
  0.042
  0.042
  0.043
  0.043
  0.043
  0.043
  0.044
  0.044
  0.045
  0.045
  0.046
  0.046
  0.046
  0.047
  0.047
  0.047
  0.047
  0.047
  0.046
  0.046
  0.045
  0.045
  0.044
  0.043
  0.043
  0.042
  0.041
  0.041
  0.040
  0.040
  0.040
  0.040
  0.039
  0.039
  0.040
  0.040
  0.040
  0.040
  0.040
  0.041
  0.041
  0.041
  0.041
  0.041
  0.041
  0.041
  0.040
  0.040
  0.039
  0.039
  0.038
  0.037
  0.037
  0.036
  0.035
  0.035
  0.034
  0.034
  0.034
  0.034
  0.034
  0.035
  0.035
  0.036
  0.036
  0.037
  0.038
  0.039
  0.040
  0.040
  0.041
  0.042
  0.042
  0.042
  0.043
  0.043
  0.042
  0.042
  0.042
  0.041
  0.041
  0.040
  0.039
  0.039
  0.038
  0.037
  0.037
  0.036
  0.036
  0.035
  0.035
  0.035
  0.035
  0.035
  0.035
  0.036
  0.036
  0.036
  0.037
  0.037
  0.037
  0.037
  0.038
  0.038
  0.038
  0.038
  0.037
  0.037
  0.037
  0.037
  0.037
  0.036
  0.036
  0.036
  0.036
  0.037
  0.037
  0.037
  0.038
  0.038
  0.039
  0.040
  0.041
  0.042
  0.043
  0.044
  0.044
  0.045
  0.045
  0.046
  0.046
  0.046
  0.046
  0.045
  0.045
  0.044
  0.044
  0.043
  0.042
  0.041
  0.040
  0.040
  0.039
  0.038
  0.038
  0.037
  0.037
  0.037
  0.037
  0.037
  0.038
  0.038
  0.038
  0.039
  0.039
  0.040
  0.040
  0.041
  0.041
  0.041
  0.042
  0.042
  0.041
  0.041
  0.041
  0.041
  0.040
  0.040
  0.039
  0.039
  0.038
  0.038
  0.038
  0.037
  0.037
  0.037
  0.037
  0.037
  0.037
  0.037
  0.037
  0.037
  0.037
  0.037
  0.037
  0.037
  0.036
  0.036
  0.036
  0.035
  0.035
  0.034
  0.034
  0.034
  0.034
  0.034
  0.033
  0.034
  0.034
  0.034
  0.034
  0.035
  0.036
  0.036
  0.037
  0.037
  0.038
  0.038
  0.038
  0.038
  0.037
  0.037
  0.036
  0.035
  0.035
  0.034
  0.033
  0.033
  0.032
  0.032
  0.031
  0.030
  0.030
  0.029
  0.029
  0.028
  0.027
  0.027
  0.026
  0.025
  0.025
  0.024
  0.024
  0.023
  0.022
  0.022
  0.021
  0.020
  0.020
  0.019
  0.019
  0.018
  0.017
  0.017
  0.016
  0.016
  0.015
  0.014
  0.014
  0.013
  0.012
  0.012
  0.011
  0.011
  0.010
  0.009
  0.009
  0.008
  0.007
  0.007
  0.006
  0.006
  0.005
  0.004
  0.004
  0.003
  0.002
  0.002
  0.001
  0.001
