  0.000
  0.002
  0.003
  0.004
  0.005
  0.005
  0.005
  0.005
  0.005
  0.005
  0.005
  0.005
  0.005
  0.005
  0.005
  0.005
  0.005
  0.005
  0.005
  0.005
  0.005
  0.004
  0.004
  0.004
  0.003
  0.003
  0.003
  0.002
  0.002
  0.001
  0.001
  0.001
  0.000
  0.000
  0.000
  0.000
  0.000
  0.000
  0.000
  0.000
  0.001
  0.001
  0.002
  0.002
  0.003
  0.004
  0.005
  0.006
  0.008
  0.009
  0.011
  0.013
  0.014
  0.016
  0.018
  0.020
  0.022
  0.024
  0.026
  0.027
  0.029
  0.030
  0.031
  0.031
  0.032
  0.032
  0.031
  0.031
  0.030
  0.029
  0.028
  0.026
  0.024
  0.023
  0.021
  0.020
  0.018
  0.017
  0.016
  0.015
  0.015
  0.015
  0.015
  0.016
  0.018
  0.021
  0.024
  0.028
  0.033
  0.038
  0.045
  0.052
  0.060
  0.069
  0.078
  0.089
  0.100
  0.111
  0.123
  0.135
  0.147
  0.159
  0.171
  0.182
  0.194
  0.204
  0.214
  0.223
  0.232
  0.240
  0.247
  0.254
  0.260
  0.267
  0.273
  0.280
  0.288
  0.296
  0.306
  0.317
  0.331
  0.347
  0.365
  0.386
  0.411
  0.438
  0.469
  0.504
  0.542
  0.585
  0.630
  0.680
  0.733
  0.789
  0.849
  0.912
  0.978
  1.047
  1.119
  1.193
  1.270
  1.349
  1.431
  1.516
  1.603
  1.693
  1.786
  1.882
  1.981
  2.084
  2.189
  2.298
  2.411
  2.527
  2.646
  2.768
  2.893
  3.021
  3.151
  3.284
  3.417
  3.553
  3.689
  3.826
  3.963
  4.100
  4.236
  4.372
  4.507
  4.640
  4.773
  4.903
  5.032
  5.159
  5.284
  5.407
  5.528
  5.647
  5.764
  5.879
  5.992
  6.103
  6.211
  6.317
  6.420
  6.521
  6.620
  6.716
  6.809
  6.899
  6.987
  7.071
  7.152
  7.231
  7.306
  7.379
  7.449
  7.515
  7.579
  7.641
  7.700
  7.756
  7.811
  7.863
  7.913
  7.961
  8.007
  8.052
  8.095
  8.137
  8.177
  8.215
  8.252
  8.288
  8.322
  8.355
  8.385
  8.415
  8.442
  8.468
  8.491
  8.512
  8.531
  8.548
  8.562
  8.573
  8.582
  8.588
  8.592
  8.593
  8.591
  8.588
  8.582
  8.574
  8.565
  8.554
  8.541
  8.528
  8.513
  8.498
  8.481
  8.465
  8.448
  8.431
  8.414
  8.397
  8.380
  8.364
  8.349
  8.335
  8.321
  8.308
  8.297
  8.287
  8.277
  8.268
  8.261
  8.254
  8.247
  8.242
  8.236
  8.231
  8.225
  8.220
  8.215
  8.209
  8.203
  8.196
  8.189
  8.182
  8.175
  8.166
  8.158
  8.148
  8.139
  8.129
  8.118
  8.107
  8.095
  8.083
  8.070
  8.057
  8.043
  8.028
  8.012
  7.995
  7.976
  7.956
  7.934
  7.909
  7.883
  7.855
  7.824
  7.791
  7.756
  7.720
  7.682
  7.643
  7.602
  7.561
  7.519
  7.478
  7.436
  7.394
  7.352
  7.310
  7.269
  7.228
  7.187
  7.146
  7.106
  7.065
  7.024
  6.983
  6.941
  6.900
  6.857
  6.814
  6.770
  6.725
  6.680
  6.633
  6.584
  6.534
  6.483
  6.430
  6.375
  6.319
  6.261
  6.203
  6.143
  6.082
  6.020
  5.958
  5.897
  5.836
  5.775
  5.716
  5.658
  5.601
  5.545
  5.491
  5.438
  5.386
  5.336
  5.287
  5.239
  5.193
  5.147
  5.103
  5.059
  5.017
  4.977
  4.937
  4.899
  4.862
  4.827
  4.793
  4.761
  4.729
  4.699
  4.669
  4.640
  4.611
  4.584
  4.556
  4.529
  4.502
  4.476
  4.451
  4.426
  4.402
  4.379
  4.357
  4.335
  4.314
  4.294
  4.274
  4.254
  4.234
  4.213
  4.191
  4.167
  4.141
  4.113
  4.083
  4.050
  4.014
  3.977
  3.937
  3.895
  3.851
  3.807
  3.762
  3.717
  3.672
  3.629
  3.586
  3.545
  3.506
  3.469
  3.434
  3.401
  3.371
  3.343
  3.318
  3.295
  3.275
  3.257
  3.241
  3.227
  3.216
  3.206
  3.198
  3.191
  3.185
  3.179
  3.173
  3.167
  3.160
  3.153
  3.144
  3.134
  3.123
  3.110
  3.097
  3.083
  3.069
  3.053
  3.038
  3.022
  3.006
  2.990
  2.974
  2.959
  2.943
  2.927
  2.911
  2.896
  2.880
  2.864
  2.848
  2.833
  2.817
  2.801
  2.784
  2.768
  2.751
  2.734
  2.717
  2.699
  2.680
  2.660
  2.640
  2.620
  2.600
  2.579
  2.558
  2.538
  2.519
  2.500
  2.482
  2.466
  2.450
  2.436
  2.423
  2.410
  2.399
  2.388
  2.377
  2.366
  2.354
  2.342
  2.330
  2.317
  2.303
  2.288
  2.273
  2.258
  2.243
  2.228
  2.214
  2.200
  2.186
  2.174
  2.162
  2.151
  2.141
  2.132
  2.123
  2.114
  2.106
  2.097
  2.089
  2.079
  2.070
  2.060
  2.049
  2.038
  2.026
  2.014
  2.001
  1.989
  1.976
  1.963
  1.950
  1.938
  1.926
  1.915
  1.904
  1.893
  1.883
  1.873
  1.864
  1.855
  1.847
  1.839
  1.831
  1.823
  1.815
  1.807
  1.799
  1.790
  1.782
  1.773
  1.764
  1.755
  1.746
  1.736
  1.727
  1.717
  1.707
  1.698
  1.689
  1.680
  1.671
  1.663
  1.655
  1.647
  1.640
  1.633
  1.626
  1.620
  1.613
  1.607
  1.601
  1.595
  1.589
  1.583
  1.577
  1.572
  1.566
  1.561
  1.555
  1.550
  1.546
  1.541
  1.536
  1.532
  1.528
  1.523
  1.518
  1.513
  1.507
  1.501
  1.495
  1.487
  1.479
  1.471
  1.462
  1.452
  1.442
  1.432
  1.421
  1.411
  1.400
  1.390
  1.380
  1.371
  1.361
  1.353
  1.344
  1.336
  1.328
  1.321
  1.314
  1.307
  1.300
  1.293
  1.287
  1.280
  1.274
  1.267
  1.260
  1.254
  1.248
  1.241
  1.235
  1.230
  1.224
  1.219
  1.214
  1.210
  1.206
  1.203
  1.200
  1.197
  1.194
  1.192
  1.190
  1.188
  1.186
  1.184
  1.182
  1.179
  1.176
  1.173
  1.170
  1.166
  1.162
  1.157
  1.153
  1.148
  1.143
  1.137
  1.132
  1.126
  1.120
  1.115
  1.109
  1.103
  1.097
  1.091
  1.085
  1.079
  1.073
  1.067
  1.061
  1.055
  1.049
  1.043
  1.038
  1.033
  1.028
  1.024
  1.020
  1.016
  1.013
  1.010
  1.008
  1.006
  1.004
  1.002
  1.001
  0.999
  0.998
  0.996
  0.994
  0.992
  0.990
  0.987
  0.984
  0.980
  0.977
  0.973
  0.969
  0.964
  0.960
  0.955
  0.951
  0.946
  0.941
  0.936
  0.931
  0.926
  0.921
  0.915
  0.910
  0.904
  0.898
  0.892
  0.886
  0.879
  0.873
  0.866
  0.859
  0.852
  0.845
  0.838
  0.831
  0.824
  0.817
  0.811
  0.804
  0.798
  0.792
  0.786
  0.780
  0.775
  0.769
  0.764
  0.759
  0.755
  0.750
  0.746
  0.742
  0.739
  0.736
  0.733
  0.730
  0.728
  0.726
  0.725
  0.723
  0.722
  0.720
  0.719
  0.717
  0.716
  0.714
  0.712
  0.710
  0.707
  0.704
  0.701
  0.698
  0.694
  0.691
  0.687
  0.682
  0.678
  0.674
  0.669
  0.665
  0.661
  0.656
  0.652
  0.648
  0.644
  0.640
  0.637
  0.633
  0.630
  0.627
  0.624
  0.621
  0.619
  0.617
  0.615
  0.613
  0.611
  0.609
  0.607
  0.605
  0.603
  0.600
  0.598
  0.596
  0.593
  0.591
  0.589
  0.586
  0.584
  0.583
  0.581
  0.580
  0.579
  0.578
  0.577
  0.577
  0.576
  0.576
  0.575
  0.575
  0.574
  0.573
  0.573
  0.572
  0.571
  0.570
  0.570
  0.569
  0.569
  0.568
  0.568
  0.568
  0.567
  0.567
  0.566
  0.565
  0.565
  0.564
  0.562
  0.561
  0.560
  0.559
  0.557
  0.556
  0.555
  0.554
  0.553
  0.552
  0.551
  0.550
  0.549
  0.547
  0.546
  0.544
  0.543
  0.541
  0.539
  0.537
  0.535
  0.533
  0.531
  0.529
  0.528
  0.527
  0.526
  0.525
  0.524
  0.523
  0.523
  0.522
  0.522
  0.521
  0.520
  0.519
  0.518
  0.517
  0.516
  0.514
  0.513
  0.511
  0.510
  0.508
  0.507
  0.505
  0.504
  0.503
  0.502
  0.501
  0.499
  0.498
  0.497
  0.497
  0.496
  0.495
  0.494
  0.493
  0.492
  0.492
  0.491
  0.491
  0.491
  0.491
  0.491
  0.491
  0.491
  0.491
  0.491
  0.492
  0.492
  0.493
  0.493
  0.494
  0.494
  0.494
  0.495
  0.495
  0.495
  0.496
  0.496
  0.496
  0.496
  0.496
  0.495
  0.495
  0.494
  0.493
  0.492
  0.491
  0.489
  0.487
  0.485
  0.483
  0.480
  0.477
  0.474
  0.470
  0.467
  0.463
  0.459
  0.456
  0.452
  0.449
  0.446
  0.443
  0.440
  0.438
  0.436
  0.434
  0.432
  0.431
  0.430
  0.429
  0.428
  0.427
  0.427
  0.426
  0.425
  0.425
  0.424
  0.423
  0.423
  0.422
  0.422
  0.421
  0.421
  0.421
  0.420
  0.420
  0.420
  0.421
  0.421
  0.421
  0.422
  0.422
  0.422
  0.423
  0.423
  0.423
  0.423
  0.422
  0.422
  0.421
  0.420
  0.419
  0.418
  0.417
  0.415
  0.414
  0.412
  0.410
  0.409
  0.407
  0.405
  0.404
  0.402
  0.401
  0.400
  0.399
  0.398
  0.397
  0.396
  0.395
  0.394
  0.393
  0.392
  0.391
  0.391
  0.389
  0.388
  0.387
  0.386
  0.385
  0.383
  0.382
  0.381
  0.379
  0.378
  0.377
  0.376
  0.374
  0.373
  0.373
  0.372
  0.371
  0.370
  0.369
  0.369
  0.368
  0.367
  0.366
  0.365
  0.365
  0.363
  0.362
  0.361
  0.360
  0.358
  0.356
  0.354
  0.352
  0.350
  0.347
  0.344
  0.341
  0.338
  0.334
  0.330
  0.326
  0.322
  0.318
  0.314
  0.309
  0.305
  0.300
  0.296
  0.291
  0.287
  0.283
  0.279
  0.275
  0.272
  0.269
  0.266
  0.263
  0.261
  0.259
  0.257
  0.255
  0.254
  0.253
  0.252
  0.252
  0.252
  0.252
  0.253
  0.253
  0.254
  0.255
  0.256
  0.257
  0.258
  0.259
  0.260
  0.260
  0.261
  0.262
  0.262
  0.263
  0.263
  0.263
  0.263
  0.262
  0.262
  0.261
  0.260
  0.259
  0.257
  0.255
  0.253
  0.251
  0.249
  0.247
  0.244
  0.242
  0.240
  0.237
  0.235
  0.233
  0.230
  0.228
  0.227
  0.225
  0.224
  0.223
  0.222
  0.221
  0.220
  0.220
  0.220
  0.219
  0.220
  0.220
  0.220
  0.220
  0.221
  0.221
  0.222
  0.222
  0.223
  0.224
  0.224
  0.225
  0.226
  0.227
  0.228
  0.229
  0.230
  0.231
  0.232
  0.232
  0.233
  0.234
  0.235
  0.236
  0.236
  0.237
  0.237
  0.238
  0.238
  0.239
  0.239
  0.240
  0.240
  0.240
  0.241
  0.241
  0.241
  0.241
  0.241
  0.242
  0.242
  0.242
  0.241
  0.241
  0.241
  0.241
  0.240
  0.240
  0.239
  0.238
  0.237
  0.237
  0.236
  0.235
  0.234
  0.233
  0.232
  0.231
  0.230
  0.230
  0.229
  0.229
  0.228
  0.228
  0.228
  0.228
  0.228
  0.228
  0.228
  0.228
  0.228
  0.229
  0.229
  0.229
  0.230
  0.230
  0.230
  0.230
  0.230
  0.229
  0.229
  0.228
  0.227
  0.226
  0.225
  0.223
  0.222
  0.220
  0.218
  0.216
  0.214
  0.212
  0.211
  0.209
  0.207
  0.206
  0.204
  0.203
  0.202
  0.201
  0.201
  0.200
  0.200
  0.200
  0.200
  0.200
  0.201
  0.201
  0.201
  0.202
  0.202
  0.202
  0.203
  0.203
  0.203
  0.204
  0.204
  0.204
  0.204
  0.205
  0.205
  0.205
  0.206
  0.206
  0.207
  0.208
  0.208
  0.209
  0.210
  0.210
  0.211
  0.211
  0.212
  0.212
  0.212
  0.212
  0.212
  0.211
  0.211
  0.210
  0.209
  0.208
  0.207
  0.205
  0.204
  0.203
  0.201
  0.200
  0.198
  0.197
  0.195
  0.194
  0.193
  0.192
  0.190
  0.189
  0.188
  0.187
  0.187
  0.186
  0.185
  0.184
  0.184
  0.183
  0.182
  0.181
  0.180
  0.180
  0.179
  0.178
  0.177
  0.176
  0.175
  0.174
  0.173
  0.172
  0.171
  0.171
  0.170
  0.169
  0.168
  0.167
  0.167
  0.166
  0.166
  0.165
  0.165
  0.164
  0.164
  0.164
  0.164
  0.164
  0.164
  0.165
  0.165
  0.165
  0.166
  0.167
  0.167
  0.168
  0.169
  0.170
  0.170
  0.171
  0.172
  0.173
  0.174
  0.174
  0.175
  0.176
  0.176
  0.177
  0.178
  0.178
  0.179
  0.179
  0.180
  0.180
  0.180
  0.181
  0.181
  0.181
  0.181
  0.181
  0.181
  0.181
  0.180
  0.180
  0.179
  0.179
  0.178
  0.177
  0.176
  0.175
  0.174
  0.174
  0.173
  0.173
  0.173
  0.173
  0.173
  0.173
  0.174
  0.175
  0.176
  0.177
  0.178
  0.179
  0.180
  0.181
  0.181
  0.182
  0.182
  0.182
  0.182
  0.182
  0.181
  0.180
  0.179
  0.178
  0.176
  0.175
  0.173
  0.172
  0.170
  0.169
  0.168
  0.166
  0.165
  0.164
  0.163
  0.162
  0.161
  0.161
  0.160
  0.160
  0.160
  0.160
  0.161
  0.161
  0.161
  0.162
  0.163
  0.163
  0.164
  0.165
  0.165
  0.166
  0.166
  0.167
  0.167
  0.167
  0.167
  0.166
  0.166
  0.165
  0.164
  0.163
  0.162
  0.161
  0.160
  0.159
  0.158
  0.156
  0.155
  0.154
  0.153
  0.152
  0.151
  0.150
  0.150
  0.149
  0.148
  0.148
  0.148
  0.147
  0.147
  0.147
  0.147
  0.147
  0.147
  0.147
  0.147
  0.147
  0.147
  0.147
  0.147
  0.147
  0.147
  0.147
  0.148
  0.148
  0.148
  0.149
  0.149
  0.149
  0.150
  0.151
  0.151
  0.152
  0.153
  0.154
  0.154
  0.155
  0.156
  0.157
  0.158
  0.159
  0.160
  0.160
  0.161
  0.162
  0.162
  0.162
  0.163
  0.163
  0.163
  0.163
  0.163
  0.163
  0.163
  0.162
  0.162
  0.161
  0.161
  0.161
  0.160
  0.160
  0.160
  0.159
  0.159
  0.159
  0.159
  0.159
  0.159
  0.159
  0.159
  0.159
  0.159
  0.160
  0.160
  0.160
  0.161
  0.161
  0.162
  0.162
  0.163
  0.163
  0.164
  0.164
  0.164
  0.165
  0.165
  0.166
  0.166
  0.166
  0.166
  0.166
  0.167
  0.167
  0.167
  0.166
  0.166
  0.166
  0.165
  0.165
  0.164
  0.163
  0.163
  0.162
  0.161
  0.160
  0.158
  0.157
  0.156
  0.155
  0.154
  0.153
  0.153
  0.152
  0.151
  0.151
  0.150
  0.150
  0.149
  0.149
  0.149
  0.149
  0.148
  0.148
  0.148
  0.148
  0.148
  0.147
  0.147
  0.147
  0.147
  0.146
  0.145
  0.145
  0.144
  0.143
  0.143
  0.142
  0.141
  0.140
  0.139
  0.139
  0.138
  0.138
  0.137
  0.137
  0.137
  0.137
  0.137
  0.137
  0.137
  0.138
  0.138
  0.139
  0.139
  0.140
  0.140
  0.141
  0.142
  0.142
  0.142
  0.143
  0.143
  0.143
  0.143
  0.143
  0.143
  0.142
  0.142
  0.141
  0.141
  0.140
  0.139
  0.138
  0.137
  0.136
  0.134
  0.133
  0.132
  0.130
  0.129
  0.127
  0.126
  0.124
  0.123
  0.122
  0.120
  0.119
  0.118
  0.117
  0.117
  0.116
  0.116
  0.116
  0.116
  0.117
  0.117
  0.118
  0.120
  0.121
  0.122
  0.124
  0.126
  0.127
  0.129
  0.131
  0.132
  0.134
  0.135
  0.137
  0.138
  0.139
  0.140
  0.140
  0.141
  0.142
  0.142
  0.142
  0.143
  0.143
  0.143
  0.143
  0.143
  0.143
  0.143
  0.143
  0.143
  0.143
  0.143
  0.142
  0.142
  0.142
  0.141
  0.140
  0.140
  0.139
  0.138
  0.138
  0.137
  0.136
  0.136
  0.135
  0.135
  0.134
  0.134
  0.134
  0.134
  0.135
  0.135
  0.136
  0.137
  0.137
  0.138
  0.139
  0.140
  0.142
  0.143
  0.144
  0.144
  0.145
  0.146
  0.147
  0.147
  0.148
  0.148
  0.149
  0.149
  0.149
  0.150
  0.150
  0.150
  0.150
  0.150
  0.150
  0.150
  0.150
  0.149
  0.149
  0.148
  0.148
  0.147
  0.146
  0.145
  0.144
  0.143
  0.141
  0.139
  0.138
  0.136
  0.134
  0.132
  0.130
  0.127
  0.125
  0.124
  0.122
  0.120
  0.119
  0.117
  0.116
  0.116
  0.115
  0.115
  0.115
  0.116
  0.116
  0.117
  0.119
  0.120
  0.122
  0.124
  0.125
  0.127
  0.129
  0.131
  0.132
  0.134
  0.135
  0.136
  0.136
  0.136
  0.136
  0.135
  0.134
  0.133
  0.131
  0.129
  0.127
  0.125
  0.122
  0.120
  0.117
  0.115
  0.112
  0.110
  0.108
  0.106
  0.104
  0.103
  0.101
  0.101
  0.100
  0.100
  0.100
  0.100
  0.101
  0.101
  0.102
  0.103
  0.104
  0.106
  0.107
  0.108
  0.109
  0.110
  0.110
  0.111
  0.111
  0.112
  0.112
  0.112
  0.111
  0.111
  0.110
  0.109
  0.108
  0.107
  0.106
  0.104
  0.103
  0.101
  0.099
  0.098
  0.096
  0.095
  0.093
  0.092
  0.091
  0.090
  0.089
  0.089
  0.089
  0.089
  0.089
  0.090
  0.090
  0.091
  0.092
  0.093
  0.094
  0.096
  0.097
  0.098
  0.100
  0.101
  0.102
  0.103
  0.104
  0.105
  0.106
  0.106
  0.106
  0.107
  0.107
  0.107
  0.107
  0.106
  0.106
  0.106
  0.105
  0.105
  0.105
  0.104
  0.104
  0.104
  0.103
  0.103
  0.103
  0.103
  0.103
  0.102
  0.102
  0.102
  0.101
  0.101
  0.101
  0.100
  0.100
  0.099
  0.099
  0.098
  0.098
  0.098
  0.097
  0.097
  0.097
  0.097
  0.098
  0.098
  0.098
  0.099
  0.100
  0.100
  0.101
  0.102
  0.103
  0.104
  0.104
  0.105
  0.106
  0.107
  0.107
  0.107
  0.108
  0.108
  0.108
  0.107
  0.107
  0.106
  0.105
  0.104
  0.103
  0.102
  0.100
  0.099
  0.097
  0.096
  0.094
  0.092
  0.091
  0.089
  0.087
  0.086
  0.084
  0.083
  0.081
  0.080
  0.079
  0.078
  0.077
  0.077
  0.076
  0.076
  0.075
  0.075
  0.075
  0.075
  0.075
  0.075
  0.075
  0.075
  0.075
  0.075
  0.075
  0.076
  0.076
  0.076
  0.076
  0.076
  0.076
  0.076
  0.076
  0.076
  0.076
  0.076
  0.076
  0.076
  0.076
  0.076
  0.076
  0.076
  0.076
  0.076
  0.076
  0.076
  0.076
  0.076
  0.076
  0.076
  0.076
  0.077
  0.077
  0.077
  0.077
  0.077
  0.077
  0.077
  0.078
  0.078
  0.078
  0.078
  0.078
  0.078
  0.078
  0.078
  0.077
  0.077
  0.077
  0.076
  0.076
  0.075
  0.074
  0.074
  0.073
  0.072
  0.071
  0.070
  0.070
  0.069
  0.068
  0.067
  0.066
  0.065
  0.065
  0.064
  0.064
  0.064
  0.064
  0.064
  0.064
  0.064
  0.063
  0.062
  0.061
  0.060
  0.059
  0.057
  0.056
  0.055
  0.054
  0.053
  0.052
  0.051
  0.050
  0.049
  0.048
  0.047
  0.046
  0.045
  0.044
  0.043
  0.042
  0.040
  0.039
  0.038
  0.037
  0.036
  0.035
  0.034
  0.033
  0.032
  0.031
  0.030
  0.029
  0.028
  0.027
  0.026
  0.024
  0.023
  0.022
  0.021
  0.020
  0.019
  0.018
  0.017
  0.016
  0.015
  0.014
  0.013
  0.012
  0.011
  0.010
  0.009
  0.007
  0.006
  0.005
  0.004
  0.003
  0.002
  0.001
