  0.000
  0.000
  0.000
  0.000
  0.000
  0.000
  0.000
  0.000
  0.000
  0.000
  0.000
  0.000
  0.000
  0.000
  0.000
  0.000
  0.000
  0.000
  0.000
  0.000
  0.000
  0.000
  0.000
  0.000
  0.000
  0.000
  0.000
  0.000
  0.000
  0.000
  0.000
  0.000
  0.000
  0.000
  0.000
  0.000
  0.000
  0.000
  0.000
  0.000
  0.000
  0.000
  0.000
  0.000
  0.000
  0.000
  0.000
  0.000
  0.000
  0.000
  0.000
  0.000
  0.000
  0.000
  0.000
  0.000
  0.000
  0.000
  0.000
  0.000
  0.000
  0.000
  0.000
  0.000
  0.000
  0.000
  0.000
  0.000
  0.000
  0.000
  0.000
  0.000
  0.000
  0.000
  0.000
  0.000
  0.000
  0.000
  0.000
  0.001
  0.002
  0.003
  0.004
  0.006
  0.008
  0.009
  0.011
  0.013
  0.015
  0.017
  0.019
  0.020
  0.021
  0.022
  0.023
  0.024
  0.024
  0.023
  0.023
  0.023
  0.022
  0.022
  0.023
  0.024
  0.027
  0.030
  0.036
  0.043
  0.052
  0.064
  0.079
  0.096
  0.117
  0.142
  0.170
  0.203
  0.240
  0.281
  0.327
  0.378
  0.434
  0.495
  0.561
  0.633
  0.710
  0.792
  0.880
  0.973
  1.073
  1.177
  1.288
  1.404
  1.525
  1.652
  1.784
  1.922
  2.064
  2.212
  2.364
  2.520
  2.681
  2.845
  3.013
  3.184
  3.357
  3.532
  3.708
  3.885
  4.063
  4.241
  4.418
  4.593
  4.766
  4.937
  5.104
  5.267
  5.426
  5.580
  5.728
  5.869
  6.004
  6.130
  6.249
  6.359
  6.461
  6.553
  6.635
  6.707
  6.770
  6.823
  6.866
  6.900
  6.925
  6.942
  6.951
  6.953
  6.948
  6.938
  6.923
  6.903
  6.880
  6.855
  6.827
  6.798
  6.768
  6.738
  6.707
  6.676
  6.646
  6.616
  6.587
  6.558
  6.530
  6.502
  6.475
  6.448
  6.421
  6.394
  6.366
  6.339
  6.311
  6.282
  6.252
  6.221
  6.189
  6.156
  6.121
  6.086
  6.049
  6.011
  5.971
  5.931
  5.890
  5.847
  5.804
  5.761
  5.717
  5.673
  5.628
  5.583
  5.538
  5.493
  5.448
  5.403
  5.358
  5.314
  5.269
  5.225
  5.181
  5.137
  5.094
  5.051
  5.010
  4.969
  4.928
  4.889
  4.851
  4.815
  4.779
  4.744
  4.711
  4.679
  4.648
  4.618
  4.589
  4.561
  4.533
  4.506
  4.480
  4.454
  4.428
  4.403
  4.379
  4.354
  4.330
  4.306
  4.283
  4.259
  4.236
  4.213
  4.191
  4.169
  4.147
  4.125
  4.104
  4.083
  4.063
  4.042
  4.023
  4.003
  3.984
  3.964
  3.945
  3.926
  3.906
  3.886
  3.866
  3.845
  3.824
  3.803
  3.781
  3.759
  3.737
  3.716
  3.695
  3.675
  3.657
  3.639
  3.623
  3.608
  3.594
  3.581
  3.569
  3.556
  3.543
  3.530
  3.515
  3.500
  3.483
  3.465
  3.446
  3.426
  3.406
  3.385
  3.365
  3.346
  3.328
  3.311
  3.295
  3.281
  3.269
  3.259
  3.250
  3.242
  3.234
  3.227
  3.219
  3.211
  3.202
  3.192
  3.181
  3.168
  3.155
  3.140
  3.124
  3.108
  3.092
  3.076
  3.060
  3.045
  3.032
  3.019
  3.007
  2.997
  2.987
  2.977
  2.968
  2.959
  2.949
  2.939
  2.929
  2.918
  2.907
  2.895
  2.882
  2.869
  2.856
  2.843
  2.830
  2.816
  2.803
  2.791
  2.778
  2.766
  2.754
  2.742
  2.730
  2.719
  2.708
  2.697
  2.686
  2.676
  2.665
  2.656
  2.646
  2.637
  2.627
  2.618
  2.610
  2.601
  2.593
  2.584
  2.576
  2.567
  2.559
  2.550
  2.541
  2.533
  2.523
  2.514
  2.504
  2.494
  2.483
  2.472
  2.461
  2.450
  2.437
  2.425
  2.413
  2.400
  2.387
  2.374
  2.361
  2.349
  2.336
  2.324
  2.312
  2.300
  2.289
  2.278
  2.268
  2.258
  2.248
  2.238
  2.229
  2.220
  2.211
  2.202
  2.193
  2.185
  2.176
  2.168
  2.160
  2.152
  2.144
  2.136
  2.129
  2.121
  2.114
  2.107
  2.101
  2.094
  2.088
  2.081
  2.075
  2.069
  2.063
  2.057
  2.051
  2.045
  2.038
  2.032
  2.026
  2.020
  2.014
  2.008
  2.001
  1.995
  1.989
  1.983
  1.977
  1.970
  1.964
  1.958
  1.951
  1.945
  1.938
  1.931
  1.925
  1.918
  1.911
  1.904
  1.897
  1.891
  1.884
  1.877
  1.870
  1.863
  1.856
  1.849
  1.842
  1.835
  1.828
  1.821
  1.814
  1.807
  1.801
  1.794
  1.788
  1.782
  1.776
  1.771
  1.765
  1.760
  1.755
  1.750
  1.744
  1.739
  1.734
  1.728
  1.722
  1.716
  1.710
  1.704
  1.698
  1.691
  1.684
  1.678
  1.671
  1.664
  1.658
  1.651
  1.644
  1.638
  1.631
  1.625
  1.619
  1.612
  1.606
  1.599
  1.593
  1.587
  1.581
  1.575
  1.570
  1.565
  1.560
  1.556
  1.553
  1.550
  1.547
  1.545
  1.543
  1.541
  1.539
  1.538
  1.536
  1.534
  1.531
  1.529
  1.526
  1.523
  1.520
  1.516
  1.513
  1.510
  1.506
  1.503
  1.500
  1.497
  1.494
  1.491
  1.489
  1.486
  1.484
  1.482
  1.480
  1.477
  1.475
  1.472
  1.470
  1.466
  1.463
  1.459
  1.455
  1.450
  1.445
  1.440
  1.435
  1.429
  1.423
  1.417
  1.411
  1.405
  1.399
  1.393
  1.387
  1.381
  1.375
  1.370
  1.365
  1.360
  1.355
  1.351
  1.347
  1.343
  1.340
  1.336
  1.333
  1.330
  1.327
  1.324
  1.322
  1.319
  1.317
  1.314
  1.312
  1.309
  1.306
  1.304
  1.300
  1.297
  1.293
  1.289
  1.284
  1.279
  1.273
  1.266
  1.259
  1.252
  1.244
  1.235
  1.226
  1.216
  1.206
  1.196
  1.185
  1.174
  1.163
  1.151
  1.140
  1.129
  1.118
  1.107
  1.096
  1.086
  1.076
  1.067
  1.058
  1.050
  1.042
  1.035
  1.028
  1.022
  1.016
  1.011
  1.005
  1.000
  0.995
  0.991
  0.987
  0.982
  0.978
  0.974
  0.970
  0.966
  0.962
  0.959
  0.955
  0.951
  0.948
  0.945
  0.942
  0.939
  0.936
  0.934
  0.931
  0.929
  0.926
  0.924
  0.922
  0.919
  0.917
  0.915
  0.912
  0.910
  0.907
  0.905
  0.902
  0.899
  0.896
  0.893
  0.889
  0.886
  0.882
  0.878
  0.874
  0.870
  0.866
  0.861
  0.857
  0.852
  0.847
  0.842
  0.838
  0.833
  0.828
  0.823
  0.818
  0.813
  0.809
  0.804
  0.800
  0.795
  0.791
  0.788
  0.784
  0.780
  0.777
  0.774
  0.771
  0.768
  0.766
  0.763
  0.761
  0.759
  0.757
  0.756
  0.754
  0.753
  0.752
  0.751
  0.750
  0.749
  0.748
  0.747
  0.746
  0.745
  0.745
  0.744
  0.743
  0.742
  0.741
  0.739
  0.738
  0.737
  0.735
  0.733
  0.731
  0.729
  0.727
  0.725
  0.723
  0.721
  0.719
  0.717
  0.715
  0.713
  0.711
  0.709
  0.707
  0.705
  0.703
  0.701
  0.699
  0.698
  0.696
  0.694
  0.693
  0.692
  0.690
  0.689
  0.688
  0.687
  0.686
  0.686
  0.685
  0.684
  0.683
  0.683
  0.682
  0.681
  0.680
  0.679
  0.678
  0.677
  0.675
  0.674
  0.672
  0.670
  0.668
  0.666
  0.664
  0.661
  0.658
  0.656
  0.653
  0.650
  0.647
  0.644
  0.641
  0.638
  0.635
  0.633
  0.630
  0.627
  0.625
  0.623
  0.621
  0.619
  0.617
  0.615
  0.613
  0.612
  0.610
  0.609
  0.607
  0.606
  0.605
  0.603
  0.601
  0.599
  0.598
  0.595
  0.593
  0.591
  0.588
  0.586
  0.583
  0.580
  0.577
  0.575
  0.572
  0.569
  0.566
  0.563
  0.561
  0.558
  0.556
  0.553
  0.551
  0.549
  0.547
  0.545
  0.544
  0.542
  0.541
  0.539
  0.538
  0.536
  0.535
  0.533
  0.532
  0.530
  0.528
  0.527
  0.525
  0.523
  0.521
  0.519
  0.518
  0.516
  0.515
  0.513
  0.512
  0.511
  0.510
  0.509
  0.508
  0.507
  0.506
  0.505
  0.504
  0.503
  0.502
  0.501
  0.500
  0.499
  0.497
  0.496
  0.495
  0.493
  0.491
  0.490
  0.488
  0.487
  0.485
  0.484
  0.482
  0.481
  0.480
  0.479
  0.478
  0.477
  0.476
  0.476
  0.475
  0.475
  0.475
  0.474
  0.474
  0.474
  0.473
  0.473
  0.473
  0.472
  0.472
  0.471
  0.471
  0.470
  0.469
  0.468
  0.466
  0.465
  0.464
  0.462
  0.461
  0.459
  0.457
  0.456
  0.454
  0.452
  0.450
  0.448
  0.446
  0.444
  0.442
  0.440
  0.438
  0.436
  0.434
  0.432
  0.430
  0.427
  0.425
  0.423
  0.421
  0.419
  0.417
  0.415
  0.414
  0.412
  0.411
  0.410
  0.409
  0.408
  0.407
  0.406
  0.406
  0.406
  0.405
  0.405
  0.405
  0.405
  0.405
  0.405
  0.405
  0.405
  0.406
  0.406
  0.406
  0.406
  0.406
  0.406
  0.406
  0.406
  0.406
  0.406
  0.406
  0.406
  0.406
  0.406
  0.405
  0.405
  0.404
  0.404
  0.403
  0.402
  0.401
  0.401
  0.400
  0.399
  0.398
  0.397
  0.395
  0.394
  0.393
  0.392
  0.391
  0.389
  0.388
  0.386
  0.385
  0.384
  0.382
  0.381
  0.380
  0.379
  0.378
  0.377
  0.376
  0.376
  0.375
  0.375
  0.374
  0.374
  0.373
  0.373
  0.372
  0.372
  0.371
  0.370
  0.369
  0.368
  0.366
  0.365
  0.363
  0.362
  0.360
  0.358
  0.356
  0.354
  0.352
  0.350
  0.348
  0.347
  0.345
  0.344
  0.342
  0.341
  0.340
  0.340
  0.339
  0.338
  0.338
  0.338
  0.338
  0.338
  0.338
  0.338
  0.338
  0.338
  0.338
  0.338
  0.338
  0.338
  0.338
  0.339
  0.339
  0.339
  0.339
  0.339
  0.339
  0.339
  0.339
  0.340
  0.340
  0.340
  0.340
  0.340
  0.340
  0.340
  0.340
  0.340
  0.340
  0.340
  0.340
  0.340
  0.339
  0.339
  0.338
  0.337
  0.336
  0.335
  0.334
  0.332
  0.331
  0.329
  0.327
  0.325
  0.322
  0.320
  0.318
  0.316
  0.313
  0.311
  0.309
  0.307
  0.304
  0.302
  0.301
  0.299
  0.297
  0.296
  0.294
  0.293
  0.292
  0.291
  0.290
  0.289
  0.288
  0.288
  0.287
  0.286
  0.286
  0.285
  0.285
  0.284
  0.284
  0.283
  0.283
  0.282
  0.281
  0.280
  0.279
  0.279
  0.278
  0.277
  0.276
  0.275
  0.275
  0.274
  0.273
  0.273
  0.272
  0.272
  0.272
  0.271
  0.271
  0.271
  0.271
  0.271
  0.271
  0.271
  0.271
  0.271
  0.271
  0.271
  0.271
  0.270
  0.270
  0.270
  0.270
  0.269
  0.269
  0.268
  0.268
  0.267
  0.267
  0.266
  0.266
  0.265
  0.264
  0.263
  0.263
  0.262
  0.261
  0.260
  0.259
  0.258
  0.257
  0.256
  0.255
  0.255
  0.254
  0.253
  0.252
  0.251
  0.250
  0.249
  0.248
  0.247
  0.246
  0.245
  0.244
  0.243
  0.243
  0.242
  0.241
  0.240
  0.239
  0.238
  0.237
  0.236
  0.235
  0.234
  0.233
  0.231
  0.230
  0.228
  0.227
  0.225
  0.223
  0.222
  0.220
  0.218
  0.216
  0.215
  0.213
  0.212
  0.210
  0.209
  0.208
  0.207
  0.206
  0.205
  0.204
  0.204
  0.204
  0.203
  0.203
  0.203
  0.203
  0.203
  0.203
  0.203
  0.203
  0.203
  0.203
  0.203
  0.204
  0.204
  0.204
  0.204
  0.204
  0.204
  0.204
  0.204
  0.204
  0.204
  0.204
  0.204
  0.204
  0.204
  0.204
  0.204
  0.204
  0.204
  0.204
  0.204
  0.204
  0.204
  0.204
  0.204
  0.204
  0.204
  0.204
  0.204
  0.204
  0.204
  0.204
  0.204
  0.204
  0.204
  0.204
  0.204
  0.204
  0.204
  0.204
  0.204
  0.204
  0.204
  0.204
  0.204
  0.204
  0.204
  0.204
  0.204
  0.204
  0.204
  0.204
  0.204
  0.204
  0.204
  0.204
  0.204
  0.204
  0.204
  0.204
  0.204
  0.204
  0.204
  0.204
  0.204
  0.204
  0.204
  0.204
  0.204
  0.204
  0.204
  0.205
  0.205
  0.205
  0.205
  0.205
  0.205
  0.205
  0.205
  0.205
  0.205
  0.205
  0.205
  0.205
  0.204
  0.204
  0.203
  0.202
  0.201
  0.200
  0.198
  0.197
  0.195
  0.193
  0.191
  0.189
  0.187
  0.185
  0.183
  0.181
  0.179
  0.177
  0.176
  0.174
  0.173
  0.172
  0.171
  0.170
  0.170
  0.170
  0.169
  0.169
  0.169
  0.169
  0.169
  0.169
  0.169
  0.169
  0.169
  0.169
  0.170
  0.170
  0.170
  0.170
  0.170
  0.170
  0.170
  0.170
  0.170
  0.170
  0.170
  0.169
  0.169
  0.169
  0.168
  0.168
  0.168
  0.168
  0.168
  0.168
  0.168
  0.168
  0.168
  0.169
  0.170
  0.171
  0.172
  0.173
  0.174
  0.176
  0.177
  0.179
  0.180
  0.182
  0.184
  0.185
  0.187
  0.188
  0.189
  0.191
  0.192
  0.194
  0.195
  0.196
  0.197
  0.199
  0.200
  0.201
  0.202
  0.203
  0.203
  0.204
  0.205
  0.205
  0.205
  0.205
  0.205
  0.205
  0.205
  0.204
  0.204
  0.203
  0.202
  0.201
  0.199
  0.198
  0.196
  0.194
  0.192
  0.190
  0.188
  0.186
  0.184
  0.182
  0.180
  0.179
  0.177
  0.175
  0.174
  0.173
  0.172
  0.172
  0.171
  0.172
  0.172
  0.173
  0.174
  0.175
  0.177
  0.178
  0.180
  0.183
  0.185
  0.187
  0.189
  0.191
  0.193
  0.195
  0.197
  0.199
  0.200
  0.202
  0.203
  0.203
  0.204
  0.205
  0.205
  0.205
  0.205
  0.205
  0.205
  0.205
  0.205
  0.205
  0.205
  0.205
  0.205
  0.205
  0.204
  0.204
  0.204
  0.204
  0.204
  0.204
  0.204
  0.204
  0.204
  0.204
  0.204
  0.204
  0.204
  0.205
  0.205
  0.205
  0.205
  0.205
  0.205
  0.205
  0.205
  0.205
  0.205
  0.205
  0.204
  0.204
  0.203
  0.203
  0.202
  0.201
  0.200
  0.199
  0.198
  0.196
  0.195
  0.193
  0.192
  0.190
  0.188
  0.187
  0.185
  0.184
  0.182
  0.181
  0.179
  0.178
  0.177
  0.176
  0.175
  0.174
  0.173
  0.173
  0.172
  0.171
  0.171
  0.170
  0.170
  0.169
  0.169
  0.169
  0.168
  0.167
  0.167
  0.166
  0.165
  0.164
  0.164
  0.163
  0.162
  0.161
  0.159
  0.158
  0.157
  0.156
  0.155
  0.153
  0.152
  0.151
  0.150
  0.148
  0.147
  0.146
  0.144
  0.143
  0.142
  0.141
  0.140
  0.139
  0.138
  0.138
  0.137
  0.137
  0.136
  0.136
  0.136
  0.136
  0.137
  0.137
  0.138
  0.139
  0.140
  0.141
  0.142
  0.143
  0.145
  0.146
  0.147
  0.148
  0.149
  0.150
  0.151
  0.151
  0.152
  0.152
  0.152
  0.151
  0.151
  0.150
  0.150
  0.149
  0.148
  0.147
  0.146
  0.145
  0.144
  0.143
  0.142
  0.141
  0.140
  0.140
  0.139
  0.139
  0.138
  0.138
  0.138
  0.138
  0.137
  0.137
  0.137
  0.137
  0.137
  0.137
  0.137
  0.137
  0.137
  0.137
  0.137
  0.137
  0.137
  0.137
  0.136
  0.136
  0.136
  0.136
  0.136
  0.135
  0.135
  0.135
  0.135
  0.135
  0.135
  0.136
  0.136
  0.136
  0.136
  0.137
  0.137
  0.137
  0.137
  0.138
  0.138
  0.138
  0.138
  0.138
  0.138
  0.138
  0.138
  0.138
  0.138
  0.137
  0.137
  0.136
  0.136
  0.135
  0.135
  0.134
  0.133
  0.132
  0.132
  0.131
  0.130
  0.129
  0.129
  0.128
  0.127
  0.127
  0.126
  0.125
  0.125
  0.124
  0.124
  0.123
  0.123
  0.122
  0.122
  0.121
  0.120
  0.119
  0.118
  0.117
  0.116
  0.115
  0.114
  0.113
  0.112
  0.111
  0.110
  0.109
  0.108
  0.108
  0.107
  0.106
  0.106
  0.105
  0.105
  0.105
  0.104
  0.104
  0.104
  0.103
  0.103
  0.102
  0.102
  0.101
  0.101
  0.100
  0.100
  0.099
  0.099
  0.098
  0.098
  0.097
  0.096
  0.096
  0.095
  0.095
  0.094
  0.094
  0.093
  0.092
  0.092
  0.091
  0.090
  0.089
  0.088
  0.087
  0.086
  0.085
  0.084
  0.083
  0.082
  0.081
  0.080
  0.079
  0.078
  0.077
  0.076
  0.075
  0.074
  0.073
  0.073
  0.072
  0.072
  0.071
  0.071
  0.071
  0.071
  0.071
  0.071
  0.071
  0.071
  0.071
  0.071
  0.071
  0.071
  0.072
  0.072
  0.072
  0.072
  0.072
  0.072
  0.072
  0.072
  0.071
  0.071
  0.071
  0.070
  0.069
  0.068
  0.067
  0.065
  0.064
  0.062
  0.061
  0.059
  0.057
  0.055
  0.053
  0.052
  0.050
  0.048
  0.047
  0.046
  0.044
  0.043
  0.043
  0.042
  0.042
  0.042
  0.042
  0.043
  0.044
  0.045
  0.046
  0.047
  0.049
  0.051
  0.053
  0.055
  0.057
  0.059
  0.061
  0.062
  0.064
  0.065
  0.066
  0.066
  0.066
  0.066
  0.066
  0.065
  0.064
  0.062
  0.060
  0.058
  0.056
  0.054
  0.052
  0.050
  0.048
  0.046
  0.044
  0.042
  0.041
  0.040
  0.039
  0.038
  0.037
  0.036
  0.036
  0.035
  0.035
  0.035
  0.035
  0.035
  0.035
  0.035
  0.035
  0.035
  0.035
  0.035
  0.035
  0.035
  0.036
  0.036
  0.036
  0.037
  0.038
  0.038
  0.039
  0.040
  0.042
  0.043
  0.045
  0.046
  0.048
  0.050
  0.052
  0.054
  0.056
  0.058
  0.060
  0.062
  0.064
  0.065
  0.067
  0.068
  0.069
  0.070
  0.071
  0.071
  0.072
  0.072
  0.072
  0.072
  0.072
  0.072
  0.072
  0.072
  0.072
  0.072
  0.072
  0.072
  0.071
  0.071
  0.071
  0.071
  0.071
  0.071
  0.071
  0.071
  0.071
  0.071
  0.071
  0.071
  0.071
  0.071
  0.071
  0.072
  0.072
  0.072
  0.072
  0.072
  0.072
  0.072
  0.072
  0.072
  0.071
  0.071
  0.071
  0.070
  0.069
  0.069
  0.068
  0.067
  0.065
  0.064
  0.063
  0.061
  0.060
  0.058
  0.057
  0.056
  0.054
  0.053
  0.052
  0.051
  0.051
  0.050
  0.050
  0.050
  0.050
  0.050
  0.050
  0.051
  0.051
  0.052
  0.053
  0.054
  0.055
  0.057
  0.058
  0.059
  0.061
  0.062
  0.064
  0.065
  0.066
  0.067
  0.068
  0.069
  0.070
  0.070
  0.071
  0.071
  0.071
  0.071
  0.071
  0.071
  0.071
  0.072
  0.072
  0.072
  0.072
  0.073
  0.073
  0.073
  0.074
  0.075
  0.075
  0.076
  0.077
  0.078
  0.079
  0.080
  0.081
  0.082
  0.083
  0.084
  0.085
  0.086
  0.087
  0.087
  0.088
  0.088
  0.088
  0.088
  0.088
  0.088
  0.088
  0.088
  0.088
  0.088
  0.088
  0.087
  0.085
  0.084
  0.082
  0.080
  0.079
  0.077
  0.076
  0.074
  0.073
  0.072
  0.070
  0.069
  0.067
  0.066
  0.064
  0.063
  0.061
  0.060
  0.058
  0.057
  0.056
  0.054
  0.053
  0.051
  0.050
  0.048
  0.047
  0.045
  0.044
  0.042
  0.041
  0.039
  0.038
  0.037
  0.035
  0.034
  0.032
  0.031
  0.029
  0.028
  0.026
  0.025
  0.023
  0.022
  0.020
  0.019
  0.018
  0.016
  0.015
  0.013
  0.012
  0.010
  0.009
  0.007
  0.006
  0.004
  0.003
  0.001
