  0.000
  0.015
  0.028
  0.038
  0.045
  0.051
  0.055
  0.058
  0.060
  0.060
  0.061
  0.060
  0.060
  0.059
  0.057
  0.055
  0.053
  0.050
  0.046
  0.042
  0.038
  0.034
  0.029
  0.025
  0.021
  0.017
  0.013
  0.010
  0.007
  0.004
  0.002
  0.000
  0.000
  0.000
  0.000
  0.000
  0.000
  0.000
  0.000
  0.000
  0.000
  0.001
  0.003
  0.006
  0.008
  0.011
  0.015
  0.018
  0.022
  0.026
  0.030
  0.034
  0.038
  0.043
  0.047
  0.050
  0.054
  0.057
  0.060
  0.062
  0.064
  0.065
  0.066
  0.065
  0.064
  0.062
  0.060
  0.056
  0.051
  0.046
  0.039
  0.032
  0.024
  0.015
  0.005
  0.000
  0.000
  0.000
  0.000
  0.000
  0.000
  0.000
  0.000
  0.000
  0.000
  0.000
  0.000
  0.000
  0.000
  0.000
  0.000
  0.021
  0.076
  0.143
  0.225
  0.323
  0.437
  0.568
  0.717
  0.884
  1.070
  1.274
  1.496
  1.735
  1.992
  2.264
  2.551
  2.852
  3.166
  3.491
  3.827
  4.170
  4.521
  4.877
  5.237
  5.600
  5.963
  6.326
  6.686
  7.042
  7.393
  7.736
  8.070
  8.394
  8.705
  9.001
  9.282
  9.544
  9.787
 10.008
 10.206
 10.379
 10.526
 10.647
 10.742
 10.808
 10.847
 10.860
 10.847
 10.812
 10.756
 10.681
 10.589
 10.484
 10.368
 10.245
 10.118
  9.988
  9.857
  9.728
  9.602
  9.482
  9.366
  9.257
  9.154
  9.056
  8.966
  8.881
  8.802
  8.728
  8.660
  8.595
  8.535
  8.478
  8.425
  8.376
  8.329
  8.285
  8.244
  8.205
  8.170
  8.137
  8.107
  8.080
  8.056
  8.035
  8.016
  8.000
  7.986
  7.974
  7.964
  7.955
  7.946
  7.937
  7.928
  7.918
  7.907
  7.893
  7.877
  7.858
  7.837
  7.812
  7.785
  7.754
  7.721
  7.686
  7.648
  7.609
  7.568
  7.527
  7.485
  7.443
  7.402
  7.361
  7.320
  7.280
  7.242
  7.204
  7.168
  7.132
  7.097
  7.063
  7.030
  6.998
  6.967
  6.937
  6.908
  6.879
  6.852
  6.826
  6.802
  6.778
  6.755
  6.734
  6.713
  6.693
  6.674
  6.655
  6.636
  6.617
  6.599
  6.579
  6.560
  6.541
  6.521
  6.502
  6.483
  6.463
  6.444
  6.425
  6.407
  6.388
  6.371
  6.353
  6.335
  6.317
  6.298
  6.278
  6.258
  6.235
  6.211
  6.185
  6.156
  6.126
  6.093
  6.059
  6.023
  5.986
  5.947
  5.908
  5.868
  5.828
  5.787
  5.748
  5.708
  5.670
  5.633
  5.596
  5.560
  5.526
  5.492
  5.458
  5.425
  5.392
  5.359
  5.325
  5.290
  5.253
  5.215
  5.175
  5.133
  5.089
  5.043
  4.995
  4.945
  4.894
  4.841
  4.787
  4.732
  4.677
  4.621
  4.565
  4.509
  4.453
  4.398
  4.343
  4.290
  4.238
  4.187
  4.138
  4.091
  4.046
  4.004
  3.963
  3.924
  3.887
  3.852
  3.819
  3.787
  3.757
  3.727
  3.698
  3.670
  3.642
  3.615
  3.588
  3.562
  3.535
  3.509
  3.483
  3.458
  3.432
  3.407
  3.382
  3.358
  3.333
  3.308
  3.284
  3.259
  3.235
  3.211
  3.186
  3.162
  3.137
  3.113
  3.088
  3.064
  3.039
  3.015
  2.990
  2.965
  2.940
  2.916
  2.891
  2.866
  2.842
  2.818
  2.794
  2.771
  2.748
  2.726
  2.704
  2.682
  2.662
  2.641
  2.621
  2.602
  2.583
  2.564
  2.546
  2.528
  2.510
  2.493
  2.476
  2.460
  2.443
  2.428
  2.412
  2.397
  2.383
  2.369
  2.355
  2.342
  2.329
  2.316
  2.304
  2.291
  2.279
  2.266
  2.253
  2.240
  2.226
  2.212
  2.197
  2.182
  2.167
  2.150
  2.134
  2.117
  2.100
  2.083
  2.065
  2.048
  2.031
  2.014
  1.997
  1.981
  1.966
  1.951
  1.937
  1.924
  1.911
  1.899
  1.888
  1.877
  1.867
  1.858
  1.849
  1.840
  1.832
  1.825
  1.817
  1.809
  1.802
  1.795
  1.787
  1.780
  1.772
  1.765
  1.757
  1.749
  1.741
  1.733
  1.724
  1.716
  1.707
  1.698
  1.689
  1.679
  1.670
  1.660
  1.650
  1.639
  1.629
  1.618
  1.607
  1.596
  1.584
  1.573
  1.561
  1.549
  1.538
  1.526
  1.514
  1.502
  1.491
  1.480
  1.468
  1.457
  1.447
  1.436
  1.426
  1.417
  1.408
  1.399
  1.391
  1.383
  1.375
  1.368
  1.361
  1.354
  1.348
  1.342
  1.336
  1.330
  1.324
  1.319
  1.313
  1.307
  1.302
  1.296
  1.290
  1.285
  1.279
  1.273
  1.266
  1.260
  1.253
  1.247
  1.240
  1.233
  1.226
  1.218
  1.211
  1.203
  1.196
  1.188
  1.180
  1.172
  1.164
  1.156
  1.149
  1.141
  1.134
  1.127
  1.121
  1.114
  1.109
  1.103
  1.098
  1.094
  1.089
  1.085
  1.082
  1.079
  1.076
  1.073
  1.071
  1.069
  1.067
  1.064
  1.062
  1.060
  1.058
  1.055
  1.052
  1.049
  1.046
  1.042
  1.038
  1.033
  1.029
  1.023
  1.018
  1.013
  1.007
  1.001
  0.995
  0.989
  0.984
  0.978
  0.973
  0.968
  0.963
  0.958
  0.954
  0.950
  0.946
  0.943
  0.939
  0.936
  0.933
  0.930
  0.927
  0.924
  0.921
  0.918
  0.915
  0.911
  0.908
  0.904
  0.900
  0.896
  0.892
  0.887
  0.882
  0.877
  0.872
  0.866
  0.860
  0.854
  0.847
  0.841
  0.834
  0.826
  0.819
  0.811
  0.803
  0.794
  0.786
  0.777
  0.768
  0.759
  0.750
  0.741
  0.732
  0.722
  0.713
  0.704
  0.695
  0.687
  0.678
  0.670
  0.662
  0.654
  0.647
  0.641
  0.635
  0.629
  0.624
  0.620
  0.616
  0.613
  0.611
  0.609
  0.607
  0.606
  0.606
  0.605
  0.605
  0.606
  0.606
  0.607
  0.607
  0.608
  0.608
  0.609
  0.609
  0.609
  0.609
  0.609
  0.608
  0.607
  0.607
  0.605
  0.604
  0.602
  0.601
  0.599
  0.597
  0.595
  0.593
  0.591
  0.588
  0.586
  0.584
  0.581
  0.579
  0.577
  0.574
  0.572
  0.569
  0.566
  0.564
  0.561
  0.558
  0.555
  0.552
  0.549
  0.546
  0.543
  0.541
  0.538
  0.536
  0.533
  0.531
  0.530
  0.528
  0.527
  0.525
  0.525
  0.524
  0.523
  0.523
  0.522
  0.522
  0.522
  0.522
  0.522
  0.522
  0.522
  0.523
  0.523
  0.524
  0.525
  0.526
  0.528
  0.529
  0.531
  0.533
  0.536
  0.539
  0.542
  0.545
  0.548
  0.552
  0.556
  0.559
  0.563
  0.566
  0.569
  0.572
  0.574
  0.576
  0.577
  0.578
  0.579
  0.578
  0.578
  0.577
  0.575
  0.573
  0.571
  0.569
  0.566
  0.563
  0.561
  0.559
  0.556
  0.554
  0.553
  0.552
  0.551
  0.551
  0.552
  0.552
  0.553
  0.555
  0.556
  0.558
  0.560
  0.562
  0.563
  0.565
  0.565
  0.566
  0.566
  0.565
  0.563
  0.561
  0.558
  0.554
  0.550
  0.545
  0.539
  0.533
  0.527
  0.520
  0.513
  0.506
  0.499
  0.492
  0.485
  0.478
  0.472
  0.466
  0.460
  0.454
  0.449
  0.444
  0.440
  0.435
  0.431
  0.427
  0.423
  0.419
  0.415
  0.411
  0.408
  0.404
  0.401
  0.397
  0.394
  0.391
  0.388
  0.386
  0.383
  0.381
  0.379
  0.377
  0.376
  0.374
  0.373
  0.372
  0.372
  0.371
  0.371
  0.371
  0.371
  0.371
  0.371
  0.371
  0.371
  0.371
  0.372
  0.372
  0.373
  0.373
  0.374
  0.375
  0.376
  0.376
  0.377
  0.378
  0.379
  0.380
  0.381
  0.382
  0.383
  0.383
  0.384
  0.384
  0.384
  0.384
  0.383
  0.382
  0.381
  0.380
  0.378
  0.376
  0.374
  0.371
  0.369
  0.366
  0.364
  0.361
  0.359
  0.356
  0.354
  0.352
  0.350
  0.348
  0.346
  0.345
  0.344
  0.343
  0.343
  0.342
  0.342
  0.342
  0.342
  0.342
  0.342
  0.342
  0.342
  0.342
  0.342
  0.342
  0.341
  0.341
  0.340
  0.339
  0.339
  0.337
  0.336
  0.335
  0.333
  0.331
  0.329
  0.327
  0.325
  0.323
  0.321
  0.319
  0.317
  0.315
  0.313
  0.312
  0.310
  0.309
  0.308
  0.306
  0.305
  0.304
  0.303
  0.303
  0.302
  0.301
  0.300
  0.299
  0.299
  0.298
  0.297
  0.296
  0.295
  0.295
  0.294
  0.293
  0.292
  0.292
  0.291
  0.290
  0.289
  0.288
  0.287
  0.286
  0.285
  0.283
  0.282
  0.280
  0.278
  0.275
  0.273
  0.271
  0.268
  0.265
  0.263
  0.260
  0.258
  0.255
  0.253
  0.251
  0.249
  0.247
  0.246
  0.245
  0.244
  0.244
  0.244
  0.244
  0.244
  0.245
  0.246
  0.247
  0.248
  0.249
  0.249
  0.250
  0.251
  0.252
  0.253
  0.253
  0.254
  0.254
  0.254
  0.254
  0.254
  0.254
  0.254
  0.254
  0.254
  0.254
  0.254
  0.254
  0.255
  0.256
  0.257
  0.258
  0.259
  0.261
  0.263
  0.265
  0.268
  0.271
  0.273
  0.276
  0.279
  0.282
  0.285
  0.288
  0.291
  0.293
  0.296
  0.298
  0.300
  0.302
  0.303
  0.305
  0.306
  0.307
  0.308
  0.309
  0.309
  0.310
  0.310
  0.311
  0.311
  0.311
  0.312
  0.312
  0.312
  0.312
  0.312
  0.311
  0.311
  0.310
  0.309
  0.308
  0.307
  0.306
  0.305
  0.303
  0.301
  0.300
  0.298
  0.296
  0.294
  0.292
  0.290
  0.288
  0.287
  0.285
  0.283
  0.282
  0.280
  0.279
  0.277
  0.276
  0.274
  0.273
  0.271
  0.269
  0.267
  0.265
  0.263
  0.261
  0.259
  0.256
  0.253
  0.250
  0.247
  0.244
  0.241
  0.238
  0.235
  0.232
  0.229
  0.226
  0.223
  0.221
  0.218
  0.216
  0.213
  0.211
  0.210
  0.208
  0.207
  0.206
  0.205
  0.204
  0.203
  0.203
  0.203
  0.203
  0.202
  0.203
  0.203
  0.203
  0.203
  0.203
  0.203
  0.204
  0.204
  0.204
  0.204
  0.204
  0.205
  0.205
  0.205
  0.205
  0.205
  0.205
  0.205
  0.204
  0.204
  0.204
  0.203
  0.202
  0.201
  0.201
  0.200
  0.199
  0.197
  0.196
  0.195
  0.194
  0.192
  0.191
  0.190
  0.189
  0.188
  0.187
  0.187
  0.186
  0.186
  0.186
  0.186
  0.187
  0.187
  0.188
  0.189
  0.190
  0.191
  0.192
  0.193
  0.194
  0.195
  0.197
  0.198
  0.199
  0.199
  0.200
  0.201
  0.201
  0.202
  0.202
  0.203
  0.203
  0.203
  0.203
  0.204
  0.204
  0.205
  0.205
  0.206
  0.207
  0.208
  0.209
  0.210
  0.212
  0.213
  0.215
  0.217
  0.219
  0.221
  0.223
  0.225
  0.227
  0.229
  0.231
  0.233
  0.234
  0.236
  0.237
  0.239
  0.240
  0.242
  0.243
  0.245
  0.246
  0.248
  0.250
  0.251
  0.253
  0.255
  0.257
  0.259
  0.261
  0.263
  0.266
  0.268
  0.271
  0.273
  0.276
  0.279
  0.282
  0.284
  0.287
  0.290
  0.293
  0.296
  0.299
  0.302
  0.305
  0.308
  0.311
  0.314
  0.317
  0.320
  0.322
  0.325
  0.327
  0.329
  0.331
  0.332
  0.333
  0.333
  0.333
  0.331
  0.329
  0.326
  0.322
  0.317
  0.312
  0.305
  0.298
  0.290
  0.282
  0.273
  0.263
  0.253
  0.244
  0.234
  0.224
  0.215
  0.205
  0.196
  0.188
  0.180
  0.172
  0.165
  0.159
  0.152
  0.146
  0.141
  0.136
  0.131
  0.126
  0.121
  0.117
  0.113
  0.109
  0.106
  0.102
  0.099
  0.096
  0.093
  0.090
  0.087
  0.085
  0.082
  0.080
  0.077
  0.075
  0.072
  0.070
  0.068
  0.065
  0.063
  0.061
  0.059
  0.056
  0.054
  0.052
  0.050
  0.049
  0.047
  0.045
  0.043
  0.042
  0.041
  0.039
  0.038
  0.037
  0.036
  0.036
  0.035
  0.035
  0.034
  0.034
  0.034
  0.034
  0.034
  0.034
  0.034
  0.034
  0.034
  0.034
  0.034
  0.035
  0.035
  0.035
  0.035
  0.035
  0.035
  0.035
  0.035
  0.035
  0.035
  0.035
  0.035
  0.035
  0.035
  0.035
  0.035
  0.035
  0.035
  0.035
  0.035
  0.035
  0.035
  0.035
  0.035
  0.035
  0.035
  0.035
  0.035
  0.035
  0.035
  0.035
  0.035
  0.035
  0.035
  0.035
  0.035
  0.035
  0.035
  0.035
  0.035
  0.035
  0.035
  0.035
  0.035
  0.035
  0.035
  0.035
  0.035
  0.035
  0.035
  0.035
  0.035
  0.035
  0.035
  0.035
  0.035
  0.035
  0.035
  0.034
  0.034
  0.034
  0.033
  0.033
  0.032
  0.032
  0.031
  0.031
  0.030
  0.030
  0.029
  0.029
  0.029
  0.028
  0.028
  0.028
  0.027
  0.027
  0.027
  0.027
  0.027
  0.026
  0.026
  0.026
  0.026
  0.025
  0.025
  0.024
  0.024
  0.023
  0.022
  0.022
  0.021
  0.020
  0.019
  0.019
  0.018
  0.018
  0.017
  0.017
  0.017
  0.017
  0.018
  0.018
  0.019
  0.020
  0.021
  0.022
  0.023
  0.024
  0.026
  0.027
  0.028
  0.030
  0.031
  0.032
  0.033
  0.034
  0.034
  0.035
  0.036
  0.036
  0.037
  0.037
  0.037
  0.037
  0.037
  0.037
  0.037
  0.037
  0.037
  0.037
  0.036
  0.035
  0.035
  0.034
  0.032
  0.031
  0.029
  0.028
  0.026
  0.024
  0.022
  0.020
  0.018
  0.015
  0.014
  0.012
  0.010
  0.009
  0.008
  0.008
  0.007
  0.008
  0.008
  0.009
  0.010
  0.012
  0.014
  0.016
  0.018
  0.020
  0.022
  0.024
  0.026
  0.028
  0.030
  0.031
  0.033
  0.034
  0.035
  0.036
  0.036
  0.037
  0.037
  0.037
  0.038
  0.038
  0.038
  0.037
  0.037
  0.037
  0.036
  0.035
  0.035
  0.034
  0.033
  0.032
  0.030
  0.029
  0.028
  0.026
  0.024
  0.023
  0.021
  0.020
  0.019
  0.017
  0.016
  0.015
  0.015
  0.014
  0.014
  0.014
  0.015
  0.015
  0.016
  0.017
  0.018
  0.019
  0.020
  0.022
  0.023
  0.024
  0.025
  0.026
  0.027
  0.028
  0.029
  0.029
  0.030
  0.031
  0.031
  0.031
  0.032
  0.032
  0.033
  0.033
  0.033
  0.034
  0.034
  0.035
  0.035
  0.035
  0.036
  0.036
  0.036
  0.036
  0.036
  0.036
  0.036
  0.036
  0.036
  0.036
  0.035
  0.035
  0.034
  0.033
  0.032
  0.031
  0.030
  0.029
  0.027
  0.026
  0.024
  0.022
  0.021
  0.019
  0.017
  0.015
  0.014
  0.012
  0.010
  0.009
  0.007
  0.006
  0.005
  0.004
  0.004
  0.003
  0.003
  0.003
  0.003
  0.004
  0.004
  0.006
  0.007
  0.008
  0.010
  0.012
  0.014
  0.016
  0.018
  0.020
  0.022
  0.024
  0.026
  0.027
  0.028
  0.030
  0.030
  0.031
  0.031
  0.031
  0.031
  0.030
  0.030
  0.029
  0.028
  0.026
  0.025
  0.023
  0.021
  0.019
  0.017
  0.016
  0.014
  0.012
  0.010
  0.008
  0.007
  0.005
  0.004
  0.003
  0.002
  0.001
  0.001
  0.000
  0.000
  0.000
  0.000
  0.000
  0.000
  0.000
  0.000
  0.000
  0.000
  0.000
  0.000
  0.000
  0.001
  0.001
  0.001
  0.001
  0.001
  0.001
  0.001
  0.001
  0.001
  0.001
  0.001
  0.001
  0.001
  0.001
  0.001
  0.001
  0.001
  0.001
  0.001
  0.001
  0.001
  0.001
  0.001
  0.001
  0.001
  0.001
  0.001
  0.001
  0.001
  0.001
  0.001
  0.001
  0.001
  0.001
  0.001
  0.001
  0.001
  0.001
  0.001
  0.001
  0.001
  0.001
  0.001
  0.000
  0.000
  0.000
  0.000
  0.000
  0.000
  0.000
  0.000
  0.001
  0.001
  0.001
  0.001
  0.002
  0.002
  0.002
  0.003
  0.004
  0.004
  0.005
  0.006
  0.007
  0.008
  0.008
  0.009
  0.010
  0.011
  0.012
  0.013
  0.014
  0.015
  0.016
  0.017
  0.018
  0.019
  0.021
  0.022
  0.023
  0.025
  0.026
  0.027
  0.028
  0.030
  0.031
  0.031
  0.032
  0.033
  0.033
  0.033
  0.033
  0.033
  0.033
  0.032
  0.032
  0.031
  0.030
  0.029
  0.029
  0.028
  0.027
  0.027
  0.027
  0.027
  0.027
  0.027
  0.027
  0.027
  0.028
  0.028
  0.029
  0.030
  0.030
  0.031
  0.032
  0.032
  0.033
  0.034
  0.034
  0.035
  0.035
  0.035
  0.036
  0.036
  0.036
  0.036
  0.036
  0.036
  0.036
  0.036
  0.036
  0.036
  0.036
  0.036
  0.036
  0.036
  0.035
  0.035
  0.034
  0.033
  0.032
  0.031
  0.030
  0.028
  0.027
  0.026
  0.024
  0.023
  0.021
  0.020
  0.019
  0.018
  0.017
  0.017
  0.017
  0.017
  0.017
  0.018
  0.018
  0.019
  0.020
  0.022
  0.023
  0.024
  0.026
  0.027
  0.029
  0.030
  0.031
  0.032
  0.033
  0.034
  0.035
  0.036
  0.036
  0.036
  0.036
  0.036
  0.036
  0.036
  0.035
  0.034
  0.033
  0.032
  0.031
  0.030
  0.028
  0.027
  0.025
  0.023
  0.021
  0.020
  0.018
  0.017
  0.015
  0.014
  0.013
  0.012
  0.012
  0.011
  0.011
  0.011
  0.012
  0.012
  0.013
  0.014
  0.016
  0.017
  0.018
  0.020
  0.021
  0.023
  0.024
  0.026
  0.027
  0.029
  0.030
  0.031
  0.032
  0.033
  0.034
  0.034
  0.035
  0.035
  0.035
  0.036
  0.036
  0.036
  0.036
  0.036
  0.036
  0.036
  0.036
  0.036
  0.036
  0.036
  0.036
  0.035
  0.035
  0.036
  0.036
  0.036
  0.036
  0.036
  0.036
  0.036
  0.036
  0.036
  0.036
  0.036
  0.036
  0.036
  0.036
  0.035
  0.035
  0.034
  0.033
  0.033
  0.031
  0.030
  0.029
  0.028
  0.026
  0.024
  0.023
  0.021
  0.019
  0.018
  0.016
  0.015
  0.014
  0.013
  0.013
  0.013
  0.013
  0.013
  0.014
  0.014
  0.015
  0.016
  0.018
  0.019
  0.020
  0.022
  0.023
  0.024
  0.026
  0.027
  0.028
  0.029
  0.030
  0.031
  0.032
  0.033
  0.033
  0.034
  0.034
  0.035
  0.035
  0.036
  0.036
  0.036
  0.036
  0.036
  0.037
  0.037
  0.037
  0.037
  0.037
  0.037
  0.036
  0.036
  0.036
  0.035
  0.035
  0.034
  0.033
  0.032
  0.031
  0.030
  0.028
  0.027
  0.025
  0.023
  0.021
  0.020
  0.018
  0.016
  0.014
  0.013
  0.012
  0.011
  0.010
  0.010
  0.010
  0.010
  0.011
  0.012
  0.013
  0.014
  0.016
  0.018
  0.020
  0.022
  0.023
  0.025
  0.027
  0.029
  0.030
  0.032
  0.033
  0.034
  0.035
  0.035
  0.036
  0.036
  0.036
  0.035
  0.035
  0.034
  0.033
  0.032
  0.030
  0.029
  0.027
  0.026
  0.025
  0.024
  0.024
  0.024
  0.024
  0.025
  0.024
  0.024
  0.024
  0.023
  0.022
  0.022
  0.022
  0.021
  0.021
  0.020
  0.020
  0.020
  0.019
  0.019
  0.018
  0.018
  0.018
  0.017
  0.017
  0.016
  0.016
  0.016
  0.015
  0.015
  0.014
  0.014
  0.013
  0.013
  0.013
  0.012
  0.012
  0.011
  0.011
  0.011
  0.010
  0.010
  0.009
  0.009
  0.009
  0.008
  0.008
  0.007
  0.007
  0.007
  0.006
  0.006
  0.005
  0.005
  0.004
  0.004
  0.004
  0.003
  0.003
  0.002
  0.002
  0.002
  0.001
  0.001
  0.000
