  0.000
  0.000
  0.000
  0.000
  0.000
  0.000
  0.000
  0.000
  0.000
  0.000
  0.000
  0.000
  0.000
  0.000
  0.000
  0.000
  0.000
  0.000
  0.000
  0.000
  0.000
  0.000
  0.000
  0.000
  0.000
  0.000
  0.000
  0.000
  0.000
  0.000
  0.000
  0.000
  0.000
  0.000
  0.000
  0.000
  0.000
  0.000
  0.000
  0.000
  0.000
  0.000
  0.000
  0.000
  0.000
  0.000
  0.000
  0.000
  0.000
  0.000
  0.000
  0.000
  0.000
  0.000
  0.000
  0.000
  0.000
  0.000
  0.000
  0.000
  0.000
  0.000
  0.000
  0.000
  0.000
  0.000
  0.000
  0.000
  0.000
  0.000
  0.000
  0.000
  0.000
  0.000
  0.000
  0.000
  0.000
  0.000
  0.000
  0.000
  0.000
  0.000
  0.000
  0.001
  0.002
  0.004
  0.006
  0.009
  0.013
  0.017
  0.022
  0.027
  0.034
  0.041
  0.048
  0.057
  0.066
  0.076
  0.086
  0.098
  0.109
  0.122
  0.134
  0.147
  0.161
  0.175
  0.189
  0.203
  0.217
  0.232
  0.246
  0.260
  0.275
  0.289
  0.303
  0.317
  0.331
  0.345
  0.359
  0.372
  0.386
  0.400
  0.414
  0.428
  0.442
  0.457
  0.471
  0.486
  0.502
  0.518
  0.535
  0.552
  0.570
  0.589
  0.609
  0.631
  0.653
  0.678
  0.704
  0.732
  0.762
  0.795
  0.831
  0.869
  0.911
  0.957
  1.006
  1.059
  1.117
  1.178
  1.245
  1.315
  1.391
  1.471
  1.555
  1.644
  1.737
  1.835
  1.937
  2.044
  2.156
  2.272
  2.392
  2.517
  2.647
  2.782
  2.922
  3.066
  3.214
  3.366
  3.520
  3.677
  3.835
  3.994
  4.152
  4.309
  4.463
  4.614
  4.760
  4.902
  5.039
  5.170
  5.295
  5.414
  5.526
  5.633
  5.734
  5.829
  5.919
  6.004
  6.084
  6.159
  6.231
  6.299
  6.363
  6.425
  6.484
  6.540
  6.594
  6.645
  6.695
  6.742
  6.787
  6.829
  6.869
  6.907
  6.942
  6.975
  7.005
  7.032
  7.057
  7.080
  7.100
  7.118
  7.135
  7.150
  7.164
  7.176
  7.188
  7.200
  7.211
  7.223
  7.234
  7.246
  7.258
  7.270
  7.283
  7.296
  7.310
  7.323
  7.337
  7.350
  7.363
  7.375
  7.387
  7.398
  7.407
  7.415
  7.421
  7.426
  7.429
  7.430
  7.429
  7.426
  7.422
  7.415
  7.407
  7.397
  7.386
  7.373
  7.359
  7.343
  7.326
  7.308
  7.289
  7.269
  7.248
  7.226
  7.204
  7.181
  7.158
  7.135
  7.111
  7.088
  7.064
  7.041
  7.018
  6.996
  6.974
  6.952
  6.931
  6.910
  6.889
  6.869
  6.849
  6.830
  6.810
  6.791
  6.772
  6.754
  6.736
  6.719
  6.702
  6.685
  6.670
  6.655
  6.642
  6.629
  6.618
  6.608
  6.599
  6.591
  6.585
  6.579
  6.575
  6.572
  6.569
  6.567
  6.566
  6.565
  6.565
  6.564
  6.564
  6.563
  6.562
  6.561
  6.559
  6.557
  6.555
  6.552
  6.549
  6.545
  6.541
  6.536
  6.531
  6.526
  6.519
  6.513
  6.505
  6.497
  6.488
  6.478
  6.467
  6.455
  6.443
  6.430
  6.416
  6.402
  6.387
  6.371
  6.356
  6.340
  6.323
  6.307
  6.290
  6.272
  6.254
  6.236
  6.216
  6.197
  6.176
  6.154
  6.132
  6.110
  6.087
  6.063
  6.039
  6.015
  5.990
  5.966
  5.942
  5.917
  5.893
  5.869
  5.845
  5.821
  5.797
  5.772
  5.748
  5.724
  5.699
  5.674
  5.649
  5.624
  5.599
  5.573
  5.548
  5.522
  5.496
  5.470
  5.443
  5.417
  5.391
  5.365
  5.339
  5.313
  5.288
  5.263
  5.239
  5.215
  5.191
  5.168
  5.145
  5.122
  5.100
  5.077
  5.055
  5.033
  5.011
  4.989
  4.967
  4.944
  4.921
  4.898
  4.876
  4.853
  4.829
  4.806
  4.784
  4.761
  4.739
  4.717
  4.695
  4.675
  4.654
  4.635
  4.616
  4.598
  4.581
  4.564
  4.549
  4.534
  4.520
  4.506
  4.493
  4.481
  4.469
  4.458
  4.447
  4.436
  4.425
  4.414
  4.404
  4.393
  4.382
  4.372
  4.361
  4.350
  4.339
  4.328
  4.318
  4.308
  4.298
  4.288
  4.279
  4.270
  4.262
  4.254
  4.246
  4.238
  4.230
  4.222
  4.214
  4.205
  4.195
  4.184
  4.172
  4.159
  4.145
  4.130
  4.114
  4.096
  4.078
  4.059
  4.039
  4.019
  3.998
  3.977
  3.956
  3.934
  3.913
  3.891
  3.870
  3.849
  3.828
  3.807
  3.787
  3.766
  3.746
  3.726
  3.707
  3.687
  3.668
  3.650
  3.632
  3.614
  3.598
  3.582
  3.566
  3.552
  3.539
  3.526
  3.514
  3.502
  3.492
  3.481
  3.471
  3.460
  3.450
  3.439
  3.428
  3.416
  3.404
  3.391
  3.377
  3.362
  3.347
  3.331
  3.315
  3.299
  3.283
  3.267
  3.251
  3.235
  3.220
  3.206
  3.192
  3.178
  3.165
  3.152
  3.138
  3.125
  3.112
  3.098
  3.085
  3.071
  3.057
  3.042
  3.028
  3.013
  2.999
  2.985
  2.971
  2.958
  2.945
  2.933
  2.922
  2.911
  2.900
  2.890
  2.879
  2.868
  2.857
  2.846
  2.834
  2.821
  2.807
  2.792
  2.777
  2.761
  2.745
  2.728
  2.711
  2.694
  2.678
  2.662
  2.647
  2.632
  2.618
  2.604
  2.591
  2.579
  2.566
  2.554
  2.542
  2.529
  2.516
  2.503
  2.489
  2.475
  2.461
  2.447
  2.432
  2.418
  2.404
  2.391
  2.378
  2.366
  2.355
  2.344
  2.334
  2.325
  2.316
  2.308
  2.300
  2.291
  2.283
  2.274
  2.264
  2.254
  2.242
  2.230
  2.216
  2.202
  2.186
  2.170
  2.153
  2.136
  2.119
  2.102
  2.085
  2.069
  2.054
  2.040
  2.026
  2.015
  2.004
  1.994
  1.986
  1.978
  1.971
  1.964
  1.957
  1.950
  1.943
  1.935
  1.926
  1.917
  1.906
  1.895
  1.882
  1.869
  1.855
  1.841
  1.826
  1.812
  1.797
  1.783
  1.770
  1.758
  1.747
  1.736
  1.727
  1.720
  1.713
  1.708
  1.704
  1.700
  1.698
  1.697
  1.696
  1.696
  1.696
  1.696
  1.696
  1.696
  1.695
  1.695
  1.694
  1.692
  1.690
  1.688
  1.685
  1.681
  1.678
  1.673
  1.669
  1.664
  1.659
  1.654
  1.649
  1.644
  1.639
  1.633
  1.628
  1.622
  1.616
  1.611
  1.604
  1.598
  1.592
  1.585
  1.578
  1.571
  1.564
  1.557
  1.549
  1.542
  1.535
  1.528
  1.521
  1.514
  1.507
  1.500
  1.494
  1.488
  1.482
  1.477
  1.472
  1.468
  1.464
  1.460
  1.457
  1.455
  1.452
  1.451
  1.449
  1.448
  1.446
  1.445
  1.444
  1.443
  1.442
  1.441
  1.439
  1.437
  1.435
  1.431
  1.428
  1.424
  1.419
  1.413
  1.407
  1.401
  1.394
  1.387
  1.379
  1.371
  1.363
  1.355
  1.348
  1.340
  1.332
  1.325
  1.318
  1.310
  1.303
  1.297
  1.290
  1.284
  1.277
  1.271
  1.265
  1.258
  1.252
  1.246
  1.240
  1.233
  1.227
  1.220
  1.213
  1.206
  1.199
  1.191
  1.183
  1.175
  1.167
  1.159
  1.150
  1.142
  1.134
  1.126
  1.119
  1.112
  1.105
  1.099
  1.094
  1.090
  1.086
  1.083
  1.080
  1.078
  1.077
  1.076
  1.075
  1.074
  1.074
  1.073
  1.071
  1.070
  1.068
  1.065
  1.062
  1.058
  1.054
  1.050
  1.044
  1.039
  1.033
  1.027
  1.021
  1.015
  1.009
  1.004
  0.998
  0.993
  0.988
  0.983
  0.979
  0.975
  0.972
  0.969
  0.966
  0.964
  0.962
  0.961
  0.960
  0.959
  0.958
  0.957
  0.957
  0.956
  0.955
  0.953
  0.952
  0.951
  0.949
  0.947
  0.944
  0.942
  0.939
  0.936
  0.933
  0.929
  0.926
  0.922
  0.918
  0.914
  0.909
  0.905
  0.900
  0.895
  0.891
  0.886
  0.881
  0.877
  0.872
  0.868
  0.864
  0.860
  0.857
  0.853
  0.850
  0.847
  0.844
  0.841
  0.839
  0.836
  0.835
  0.833
  0.832
  0.831
  0.831
  0.831
  0.831
  0.832
  0.832
  0.833
  0.834
  0.835
  0.836
  0.836
  0.836
  0.836
  0.835
  0.834
  0.833
  0.831
  0.828
  0.826
  0.822
  0.819
  0.815
  0.811
  0.807
  0.802
  0.797
  0.793
  0.788
  0.783
  0.778
  0.773
  0.768
  0.763
  0.759
  0.755
  0.751
  0.748
  0.745
  0.742
  0.740
  0.738
  0.736
  0.735
  0.734
  0.734
  0.733
  0.733
  0.733
  0.733
  0.733
  0.734
  0.734
  0.734
  0.734
  0.734
  0.734
  0.734
  0.734
  0.734
  0.733
  0.733
  0.733
  0.732
  0.731
  0.731
  0.730
  0.729
  0.729
  0.728
  0.727
  0.726
  0.726
  0.725
  0.724
  0.723
  0.722
  0.721
  0.720
  0.719
  0.717
  0.715
  0.714
  0.712
  0.709
  0.707
  0.704
  0.702
  0.699
  0.696
  0.694
  0.691
  0.688
  0.686
  0.683
  0.681
  0.679
  0.678
  0.677
  0.676
  0.675
  0.674
  0.674
  0.674
  0.675
  0.675
  0.675
  0.676
  0.676
  0.677
  0.677
  0.677
  0.677
  0.677
  0.677
  0.676
  0.675
  0.674
  0.673
  0.672
  0.670
  0.669
  0.667
  0.665
  0.663
  0.661
  0.659
  0.657
  0.655
  0.652
  0.650
  0.647
  0.644
  0.641
  0.637
  0.634
  0.630
  0.627
  0.623
  0.619
  0.615
  0.611
  0.608
  0.604
  0.600
  0.597
  0.593
  0.590
  0.588
  0.585
  0.583
  0.581
  0.579
  0.577
  0.576
  0.575
  0.574
  0.574
  0.573
  0.573
  0.573
  0.574
  0.574
  0.574
  0.575
  0.575
  0.576
  0.577
  0.577
  0.578
  0.578
  0.578
  0.578
  0.579
  0.578
  0.578
  0.578
  0.577
  0.576
  0.575
  0.574
  0.573
  0.571
  0.570
  0.568
  0.566
  0.564
  0.562
  0.560
  0.558
  0.556
  0.553
  0.551
  0.549
  0.546
  0.543
  0.541
  0.538
  0.535
  0.532
  0.530
  0.527
  0.524
  0.521
  0.518
  0.516
  0.513
  0.510
  0.507
  0.505
  0.502
  0.499
  0.497
  0.494
  0.492
  0.489
  0.486
  0.484
  0.481
  0.479
  0.477
  0.474
  0.472
  0.470
  0.467
  0.465
  0.463
  0.461
  0.459
  0.457
  0.455
  0.453
  0.451
  0.450
  0.448
  0.447
  0.446
  0.444
  0.443
  0.442
  0.441
  0.441
  0.440
  0.439
  0.438
  0.438
  0.437
  0.436
  0.436
  0.435
  0.434
  0.434
  0.433
  0.432
  0.431
  0.430
  0.429
  0.428
  0.427
  0.426
  0.425
  0.424
  0.423
  0.422
  0.421
  0.420
  0.419
  0.419
  0.418
  0.418
  0.418
  0.418
  0.418
  0.418
  0.419
  0.419
  0.419
  0.419
  0.419
  0.419
  0.418
  0.418
  0.417
  0.415
  0.414
  0.413
  0.411
  0.409
  0.407
  0.404
  0.402
  0.400
  0.397
  0.395
  0.393
  0.391
  0.389
  0.387
  0.386
  0.385
  0.384
  0.383
  0.382
  0.381
  0.381
  0.380
  0.380
  0.380
  0.380
  0.380
  0.380
  0.380
  0.380
  0.380
  0.380
  0.380
  0.380
  0.380
  0.380
  0.379
  0.379
  0.379
  0.378
  0.377
  0.376
  0.375
  0.373
  0.371
  0.370
  0.367
  0.365
  0.363
  0.360
  0.358
  0.355
  0.353
  0.350
  0.348
  0.346
  0.344
  0.342
  0.341
  0.340
  0.339
  0.338
  0.337
  0.336
  0.336
  0.335
  0.334
  0.334
  0.333
  0.333
  0.332
  0.331
  0.331
  0.330
  0.329
  0.329
  0.328
  0.327
  0.327
  0.326
  0.325
  0.325
  0.324
  0.323
  0.322
  0.321
  0.320
  0.319
  0.318
  0.317
  0.316
  0.314
  0.313
  0.311
  0.310
  0.308
  0.307
  0.305
  0.303
  0.302
  0.300
  0.298
  0.296
  0.294
  0.293
  0.291
  0.289
  0.288
  0.286
  0.285
  0.284
  0.283
  0.282
  0.282
  0.282
  0.282
  0.283
  0.284
  0.285
  0.286
  0.287
  0.289
  0.290
  0.291
  0.293
  0.294
  0.295
  0.296
  0.297
  0.298
  0.299
  0.300
  0.301
  0.302
  0.303
  0.304
  0.305
  0.307
  0.308
  0.309
  0.310
  0.311
  0.311
  0.312
  0.312
  0.312
  0.312
  0.312
  0.311
  0.310
  0.309
  0.308
  0.306
  0.304
  0.303
  0.301
  0.299
  0.298
  0.296
  0.294
  0.292
  0.291
  0.290
  0.288
  0.287
  0.286
  0.285
  0.284
  0.284
  0.283
  0.282
  0.282
  0.281
  0.281
  0.280
  0.280
  0.279
  0.278
  0.277
  0.276
  0.275
  0.273
  0.272
  0.270
  0.268
  0.266
  0.264
  0.262
  0.260
  0.257
  0.255
  0.254
  0.252
  0.250
  0.248
  0.247
  0.246
  0.245
  0.244
  0.243
  0.243
  0.242
  0.242
  0.243
  0.243
  0.244
  0.244
  0.246
  0.247
  0.248
  0.250
  0.252
  0.254
  0.257
  0.259
  0.262
  0.264
  0.267
  0.269
  0.272
  0.274
  0.276
  0.278
  0.280
  0.281
  0.282
  0.283
  0.284
  0.284
  0.284
  0.284
  0.283
  0.283
  0.282
  0.282
  0.281
  0.281
  0.280
  0.280
  0.279
  0.279
  0.279
  0.278
  0.278
  0.278
  0.278
  0.277
  0.277
  0.276
  0.276
  0.275
  0.274
  0.273
  0.271
  0.270
  0.268
  0.267
  0.265
  0.263
  0.261
  0.259
  0.257
  0.255
  0.253
  0.251
  0.249
  0.247
  0.244
  0.242
  0.240
  0.238
  0.235
  0.232
  0.230
  0.227
  0.224
  0.221
  0.218
  0.214
  0.211
  0.209
  0.206
  0.204
  0.201
  0.200
  0.198
  0.197
  0.196
  0.195
  0.195
  0.195
  0.195
  0.195
  0.195
  0.195
  0.195
  0.195
  0.194
  0.194
  0.193
  0.192
  0.191
  0.190
  0.189
  0.187
  0.186
  0.184
  0.182
  0.179
  0.177
  0.174
  0.172
  0.169
  0.165
  0.162
  0.159
  0.156
  0.153
  0.150
  0.147
  0.144
  0.142
  0.140
  0.138
  0.137
  0.137
  0.136
  0.136
  0.137
  0.137
  0.138
  0.140
  0.141
  0.143
  0.144
  0.146
  0.148
  0.150
  0.151
  0.153
  0.154
  0.156
  0.157
  0.158
  0.159
  0.160
  0.161
  0.161
  0.161
  0.161
  0.161
  0.161
  0.160
  0.159
  0.158
  0.157
  0.156
  0.154
  0.153
  0.152
  0.150
  0.149
  0.148
  0.147
  0.146
  0.145
  0.145
  0.144
  0.144
  0.144
  0.143
  0.143
  0.143
  0.143
  0.143
  0.143
  0.143
  0.143
  0.143
  0.143
  0.144
  0.144
  0.144
  0.144
  0.144
  0.144
  0.144
  0.144
  0.144
  0.144
  0.144
  0.144
  0.144
  0.144
  0.144
  0.144
  0.144
  0.144
  0.144
  0.144
  0.144
  0.144
  0.144
  0.144
  0.145
  0.145
  0.145
  0.146
  0.146
  0.146
  0.147
  0.147
  0.148
  0.148
  0.148
  0.149
  0.149
  0.149
  0.150
  0.150
  0.150
  0.151
  0.151
  0.152
  0.153
  0.153
  0.154
  0.155
  0.157
  0.158
  0.159
  0.161
  0.163
  0.164
  0.166
  0.168
  0.169
  0.171
  0.173
  0.174
  0.176
  0.177
  0.179
  0.180
  0.182
  0.183
  0.185
  0.186
  0.187
  0.188
  0.189
  0.190
  0.190
  0.191
  0.191
  0.191
  0.191
  0.190
  0.189
  0.189
  0.188
  0.187
  0.186
  0.185
  0.184
  0.183
  0.182
  0.182
  0.181
  0.180
  0.180
  0.180
  0.180
  0.179
  0.179
  0.179
  0.179
  0.180
  0.180
  0.180
  0.180
  0.180
  0.180
  0.180
  0.180
  0.180
  0.180
  0.180
  0.180
  0.179
  0.179
  0.179
  0.179
  0.179
  0.179
  0.178
  0.178
  0.178
  0.178
  0.178
  0.178
  0.178
  0.178
  0.177
  0.177
  0.177
  0.177
  0.177
  0.177
  0.177
  0.177
  0.177
  0.177
  0.176
  0.176
  0.176
  0.176
  0.176
  0.176
  0.176
  0.176
  0.176
  0.176
  0.176
  0.176
  0.176
  0.176
  0.176
  0.176
  0.175
  0.175
  0.175
  0.174
  0.174
  0.173
  0.173
  0.172
  0.171
  0.170
  0.169
  0.167
  0.166
  0.164
  0.163
  0.161
  0.159
  0.157
  0.155
  0.153
  0.151
  0.149
  0.147
  0.145
  0.144
  0.142
  0.140
  0.139
  0.138
  0.137
  0.135
  0.135
  0.134
  0.133
  0.132
  0.131
  0.131
  0.130
  0.129
  0.128
  0.127
  0.127
  0.126
  0.125
  0.124
  0.124
  0.123
  0.122
  0.122
  0.122
  0.122
  0.122
  0.123
  0.123
  0.124
  0.125
  0.126
  0.127
  0.128
  0.130
  0.131
  0.132
  0.133
  0.134
  0.134
  0.135
  0.135
  0.135
  0.134
  0.133
  0.132
  0.131
  0.130
  0.128
  0.126
  0.124
  0.121
  0.119
  0.116
  0.113
  0.110
  0.108
  0.105
  0.102
  0.099
  0.096
  0.093
  0.091
  0.089
  0.087
  0.085
  0.084
  0.083
  0.082
  0.082
  0.082
  0.082
  0.082
  0.083
  0.084
  0.085
  0.086
  0.087
  0.088
  0.089
  0.090
  0.091
  0.092
  0.093
  0.094
  0.095
  0.096
  0.097
  0.097
  0.098
  0.099
  0.100
  0.100
  0.101
  0.102
  0.103
  0.103
  0.104
  0.105
  0.106
  0.107
  0.107
  0.108
  0.109
  0.109
  0.109
  0.110
  0.110
  0.110
  0.110
  0.110
  0.111
  0.111
  0.111
  0.111
  0.111
  0.111
  0.110
  0.110
  0.110
  0.110
  0.110
  0.110
  0.110
  0.110
  0.110
  0.110
  0.110
  0.110
  0.110
  0.110
  0.110
  0.110
  0.110
  0.110
  0.110
  0.110
  0.110
  0.110
  0.110
  0.110
  0.110
  0.110
  0.111
  0.111
  0.111
  0.111
  0.111
  0.111
  0.111
  0.111
  0.111
  0.111
  0.110
  0.110
  0.110
  0.109
  0.109
  0.108
  0.107
  0.107
  0.106
  0.105
  0.104
  0.102
  0.101
  0.100
  0.099
  0.098
  0.097
  0.096
  0.096
  0.095
  0.095
  0.095
  0.096
  0.096
  0.097
  0.098
  0.099
  0.100
  0.101
  0.102
  0.103
  0.104
  0.105
  0.106
  0.107
  0.108
  0.109
  0.110
  0.110
  0.111
  0.112
  0.112
  0.112
  0.113
  0.113
  0.113
  0.113
  0.114
  0.114
  0.114
  0.114
  0.114
  0.114
  0.114
  0.113
  0.113
  0.113
  0.113
  0.112
  0.112
  0.112
  0.111
  0.111
  0.111
  0.111
  0.111
  0.111
  0.111
  0.111
  0.112
  0.112
  0.112
  0.113
  0.113
  0.114
  0.115
  0.115
  0.116
  0.116
  0.117
  0.117
  0.118
  0.118
  0.118
  0.119
  0.119
  0.119
  0.119
  0.119
  0.119
  0.119
  0.118
  0.118
  0.118
  0.118
  0.117
  0.117
  0.117
  0.116
  0.116
  0.116
  0.115
  0.115
  0.115
  0.115
  0.115
  0.114
  0.114
  0.114
  0.114
  0.114
  0.114
  0.114
  0.114
  0.114
  0.114
  0.114
  0.115
  0.115
  0.115
  0.114
  0.113
  0.111
  0.109
  0.107
  0.105
  0.102
  0.100
  0.099
  0.097
  0.095
  0.093
  0.091
  0.089
  0.087
  0.086
  0.084
  0.082
  0.080
  0.078
  0.076
  0.074
  0.072
  0.070
  0.068
  0.067
  0.065
  0.063
  0.061
  0.059
  0.057
  0.055
  0.053
  0.051
  0.049
  0.048
  0.046
  0.044
  0.042
  0.040
  0.038
  0.036
  0.034
  0.032
  0.030
  0.029
  0.027
  0.025
  0.023
  0.021
  0.019
  0.017
  0.015
  0.013
  0.011
  0.010
  0.008
  0.006
  0.004
  0.002
