  0.000
  0.001
  0.001
  0.002
  0.002
  0.002
  0.002
  0.003
  0.003
  0.003
  0.003
  0.003
  0.004
  0.004
  0.004
  0.005
  0.005
  0.005
  0.005
  0.005
  0.005
  0.005
  0.006
  0.006
  0.005
  0.005
  0.005
  0.005
  0.005
  0.005
  0.005
  0.004
  0.004
  0.004
  0.004
  0.004
  0.003
  0.003
  0.003
  0.003
  0.003
  0.002
  0.002
  0.002
  0.002
  0.002
  0.002
  0.002
  0.002
  0.002
  0.003
  0.003
  0.003
  0.003
  0.003
  0.003
  0.004
  0.004
  0.004
  0.004
  0.004
  0.004
  0.004
  0.004
  0.005
  0.005
  0.005
  0.005
  0.005
  0.005
  0.006
  0.006
  0.006
  0.006
  0.007
  0.007
  0.007
  0.008
  0.008
  0.009
  0.009
  0.009
  0.010
  0.011
  0.011
  0.012
  0.013
  0.014
  0.016
  0.017
  0.019
  0.022
  0.024
  0.027
  0.031
  0.035
  0.039
  0.044
  0.049
  0.055
  0.061
  0.068
  0.075
  0.082
  0.090
  0.099
  0.107
  0.116
  0.125
  0.135
  0.144
  0.154
  0.164
  0.174
  0.185
  0.195
  0.206
  0.216
  0.227
  0.238
  0.249
  0.261
  0.272
  0.284
  0.296
  0.308
  0.320
  0.333
  0.346
  0.360
  0.374
  0.388
  0.403
  0.418
  0.434
  0.451
  0.468
  0.486
  0.504
  0.524
  0.544
  0.565
  0.586
  0.609
  0.633
  0.659
  0.685
  0.712
  0.741
  0.772
  0.804
  0.837
  0.871
  0.908
  0.946
  0.985
  1.026
  1.069
  1.113
  1.159
  1.207
  1.257
  1.308
  1.361
  1.416
  1.472
  1.531
  1.591
  1.653
  1.716
  1.781
  1.848
  1.916
  1.986
  2.057
  2.129
  2.202
  2.276
  2.350
  2.425
  2.500
  2.575
  2.649
  2.723
  2.796
  2.868
  2.938
  3.007
  3.074
  3.140
  3.203
  3.264
  3.324
  3.381
  3.436
  3.488
  3.539
  3.587
  3.633
  3.677
  3.718
  3.757
  3.793
  3.826
  3.857
  3.884
  3.908
  3.928
  3.945
  3.958
  3.967
  3.972
  3.973
  3.969
  3.961
  3.948
  3.931
  3.909
  3.883
  3.852
  3.817
  3.778
  3.734
  3.687
  3.636
  3.582
  3.525
  3.465
  3.403
  3.340
  3.276
  3.211
  3.146
  3.081
  3.016
  2.953
  2.890
  2.830
  2.771
  2.714
  2.658
  2.605
  2.554
  2.505
  2.458
  2.413
  2.369
  2.327
  2.287
  2.248
  2.211
  2.175
  2.141
  2.107
  2.075
  2.044
  2.013
  1.984
  1.955
  1.927
  1.899
  1.872
  1.845
  1.819
  1.793
  1.768
  1.743
  1.718
  1.694
  1.670
  1.646
  1.623
  1.601
  1.579
  1.558
  1.537
  1.518
  1.498
  1.480
  1.462
  1.445
  1.429
  1.413
  1.398
  1.384
  1.370
  1.357
  1.344
  1.332
  1.320
  1.308
  1.296
  1.284
  1.272
  1.260
  1.248
  1.236
  1.224
  1.211
  1.199
  1.187
  1.175
  1.163
  1.152
  1.140
  1.129
  1.118
  1.108
  1.097
  1.087
  1.078
  1.068
  1.059
  1.049
  1.040
  1.031
  1.022
  1.013
  1.004
  0.995
  0.986
  0.977
  0.968
  0.959
  0.950
  0.942
  0.933
  0.925
  0.916
  0.908
  0.900
  0.892
  0.885
  0.878
  0.870
  0.864
  0.857
  0.851
  0.845
  0.839
  0.834
  0.829
  0.824
  0.820
  0.816
  0.812
  0.809
  0.805
  0.802
  0.798
  0.794
  0.790
  0.786
  0.782
  0.777
  0.772
  0.767
  0.761
  0.755
  0.749
  0.742
  0.736
  0.729
  0.722
  0.716
  0.709
  0.703
  0.697
  0.691
  0.685
  0.679
  0.673
  0.668
  0.662
  0.657
  0.652
  0.647
  0.642
  0.637
  0.632
  0.627
  0.623
  0.618
  0.614
  0.610
  0.606
  0.602
  0.598
  0.594
  0.590
  0.586
  0.582
  0.579
  0.575
  0.571
  0.568
  0.564
  0.561
  0.558
  0.555
  0.552
  0.549
  0.546
  0.543
  0.540
  0.538
  0.535
  0.533
  0.530
  0.528
  0.525
  0.523
  0.520
  0.518
  0.515
  0.513
  0.510
  0.507
  0.505
  0.502
  0.499
  0.496
  0.494
  0.491
  0.488
  0.486
  0.483
  0.480
  0.478
  0.475
  0.473
  0.470
  0.468
  0.466
  0.464
  0.462
  0.461
  0.459
  0.458
  0.457
  0.456
  0.455
  0.454
  0.454
  0.454
  0.454
  0.454
  0.454
  0.455
  0.456
  0.457
  0.458
  0.459
  0.460
  0.461
  0.462
  0.464
  0.465
  0.466
  0.467
  0.467
  0.468
  0.468
  0.469
  0.469
  0.468
  0.468
  0.467
  0.466
  0.465
  0.463
  0.462
  0.460
  0.458
  0.456
  0.454
  0.451
  0.449
  0.446
  0.443
  0.440
  0.437
  0.434
  0.431
  0.427
  0.424
  0.420
  0.417
  0.413
  0.409
  0.405
  0.401
  0.397
  0.393
  0.389
  0.386
  0.382
  0.378
  0.375
  0.371
  0.368
  0.365
  0.362
  0.359
  0.356
  0.354
  0.351
  0.349
  0.346
  0.344
  0.342
  0.340
  0.337
  0.335
  0.333
  0.331
  0.329
  0.327
  0.325
  0.323
  0.322
  0.320
  0.318
  0.317
  0.315
  0.314
  0.313
  0.312
  0.311
  0.310
  0.309
  0.308
  0.307
  0.306
  0.305
  0.304
  0.303
  0.302
  0.301
  0.300
  0.299
  0.298
  0.297
  0.296
  0.294
  0.293
  0.292
  0.291
  0.290
  0.289
  0.287
  0.286
  0.285
  0.284
  0.282
  0.281
  0.280
  0.278
  0.277
  0.276
  0.275
  0.274
  0.273
  0.272
  0.271
  0.270
  0.270
  0.269
  0.269
  0.268
  0.268
  0.268
  0.269
  0.269
  0.269
  0.269
  0.270
  0.270
  0.271
  0.271
  0.271
  0.272
  0.272
  0.272
  0.272
  0.272
  0.272
  0.272
  0.272
  0.272
  0.272
  0.272
  0.272
  0.272
  0.272
  0.273
  0.273
  0.273
  0.274
  0.274
  0.274
  0.274
  0.275
  0.275
  0.274
  0.274
  0.274
  0.273
  0.272
  0.271
  0.270
  0.269
  0.267
  0.266
  0.264
  0.262
  0.260
  0.259
  0.257
  0.255
  0.253
  0.251
  0.250
  0.248
  0.246
  0.245
  0.244
  0.243
  0.242
  0.241
  0.241
  0.240
  0.240
  0.240
  0.239
  0.239
  0.239
  0.239
  0.239
  0.239
  0.239
  0.239
  0.239
  0.238
  0.238
  0.238
  0.238
  0.238
  0.238
  0.239
  0.239
  0.239
  0.239
  0.240
  0.240
  0.241
  0.241
  0.242
  0.242
  0.242
  0.242
  0.242
  0.242
  0.242
  0.242
  0.242
  0.241
  0.241
  0.240
  0.239
  0.238
  0.238
  0.237
  0.236
  0.235
  0.235
  0.234
  0.233
  0.233
  0.232
  0.232
  0.231
  0.231
  0.230
  0.230
  0.229
  0.228
  0.227
  0.226
  0.226
  0.225
  0.224
  0.223
  0.223
  0.222
  0.222
  0.222
  0.222
  0.223
  0.223
  0.224
  0.225
  0.226
  0.227
  0.228
  0.230
  0.231
  0.232
  0.233
  0.235
  0.236
  0.237
  0.238
  0.239
  0.240
  0.241
  0.242
  0.242
  0.243
  0.244
  0.244
  0.244
  0.244
  0.244
  0.244
  0.243
  0.243
  0.242
  0.240
  0.239
  0.237
  0.235
  0.233
  0.231
  0.229
  0.227
  0.224
  0.222
  0.220
  0.218
  0.216
  0.214
  0.212
  0.211
  0.209
  0.208
  0.207
  0.206
  0.206
  0.205
  0.205
  0.204
  0.204
  0.204
  0.204
  0.204
  0.204
  0.204
  0.204
  0.204
  0.204
  0.203
  0.203
  0.203
  0.202
  0.202
  0.201
  0.200
  0.199
  0.198
  0.197
  0.196
  0.194
  0.193
  0.192
  0.191
  0.189
  0.188
  0.187
  0.186
  0.185
  0.184
  0.183
  0.182
  0.181
  0.180
  0.179
  0.179
  0.178
  0.177
  0.176
  0.175
  0.174
  0.173
  0.172
  0.171
  0.170
  0.169
  0.168
  0.166
  0.165
  0.164
  0.162
  0.161
  0.160
  0.159
  0.158
  0.158
  0.157
  0.157
  0.157
  0.157
  0.157
  0.157
  0.157
  0.158
  0.158
  0.158
  0.158
  0.159
  0.159
  0.158
  0.158
  0.157
  0.157
  0.156
  0.155
  0.154
  0.152
  0.151
  0.150
  0.148
  0.147
  0.146
  0.145
  0.144
  0.143
  0.142
  0.142
  0.141
  0.141
  0.141
  0.141
  0.141
  0.141
  0.141
  0.142
  0.142
  0.142
  0.142
  0.142
  0.142
  0.142
  0.142
  0.142
  0.141
  0.141
  0.140
  0.140
  0.139
  0.139
  0.138
  0.138
  0.137
  0.137
  0.137
  0.136
  0.136
  0.136
  0.136
  0.136
  0.136
  0.136
  0.136
  0.136
  0.136
  0.136
  0.136
  0.136
  0.136
  0.136
  0.135
  0.135
  0.135
  0.134
  0.134
  0.134
  0.133
  0.133
  0.132
  0.132
  0.131
  0.131
  0.130
  0.130
  0.129
  0.128
  0.128
  0.127
  0.126
  0.126
  0.125
  0.124
  0.124
  0.123
  0.122
  0.122
  0.122
  0.121
  0.121
  0.121
  0.120
  0.120
  0.120
  0.120
  0.120
  0.119
  0.119
  0.119
  0.119
  0.118
  0.118
  0.118
  0.118
  0.118
  0.118
  0.118
  0.118
  0.118
  0.118
  0.118
  0.117
  0.117
  0.117
  0.117
  0.117
  0.116
  0.116
  0.115
  0.115
  0.114
  0.114
  0.113
  0.113
  0.113
  0.112
  0.112
  0.112
  0.111
  0.111
  0.111
  0.110
  0.110
  0.109
  0.109
  0.108
  0.108
  0.107
  0.106
  0.105
  0.105
  0.104
  0.103
  0.103
  0.102
  0.102
  0.102
  0.102
  0.102
  0.102
  0.103
  0.103
  0.104
  0.104
  0.105
  0.106
  0.107
  0.108
  0.109
  0.110
  0.111
  0.112
  0.113
  0.114
  0.115
  0.116
  0.116
  0.117
  0.117
  0.117
  0.117
  0.117
  0.117
  0.116
  0.115
  0.115
  0.113
  0.112
  0.111
  0.110
  0.109
  0.108
  0.107
  0.107
  0.106
  0.106
  0.106
  0.106
  0.106
  0.107
  0.107
  0.108
  0.109
  0.109
  0.110
  0.111
  0.112
  0.113
  0.113
  0.114
  0.115
  0.115
  0.115
  0.116
  0.116
  0.117
  0.117
  0.118
  0.118
  0.119
  0.119
  0.119
  0.120
  0.120
  0.120
  0.121
  0.121
  0.121
  0.121
  0.120
  0.120
  0.119
  0.119
  0.118
  0.118
  0.117
  0.116
  0.115
  0.115
  0.114
  0.114
  0.113
  0.113
  0.112
  0.112
  0.112
  0.111
  0.111
  0.111
  0.110
  0.110
  0.110
  0.109
  0.109
  0.108
  0.108
  0.107
  0.107
  0.107
  0.106
  0.106
  0.106
  0.105
  0.105
  0.105
  0.105
  0.105
  0.105
  0.105
  0.106
  0.106
  0.106
  0.106
  0.106
  0.107
  0.107
  0.107
  0.107
  0.107
  0.107
  0.107
  0.106
  0.106
  0.105
  0.104
  0.103
  0.102
  0.100
  0.099
  0.097
  0.096
  0.094
  0.092
  0.091
  0.090
  0.088
  0.087
  0.086
  0.085
  0.084
  0.083
  0.082
  0.081
  0.080
  0.079
  0.078
  0.078
  0.077
  0.076
  0.075
  0.074
  0.074
  0.073
  0.072
  0.072
  0.071
  0.071
  0.071
  0.070
  0.070
  0.070
  0.070
  0.070
  0.070
  0.070
  0.070
  0.070
  0.070
  0.070
  0.070
  0.070
  0.070
  0.069
  0.069
  0.069
  0.069
  0.069
  0.068
  0.068
  0.068
  0.067
  0.066
  0.066
  0.065
  0.064
  0.064
  0.063
  0.062
  0.061
  0.061
  0.060
  0.060
  0.059
  0.059
  0.059
  0.059
  0.058
  0.058
  0.058
  0.058
  0.058
  0.057
  0.057
  0.057
  0.056
  0.056
  0.056
  0.056
  0.056
  0.055
  0.055
  0.055
  0.055
  0.055
  0.055
  0.056
  0.056
  0.056
  0.056
  0.056
  0.056
  0.056
  0.056
  0.056
  0.056
  0.057
  0.057
  0.057
  0.057
  0.057
  0.057
  0.057
  0.058
  0.058
  0.058
  0.059
  0.059
  0.060
  0.060
  0.061
  0.062
  0.063
  0.063
  0.064
  0.065
  0.066
  0.067
  0.067
  0.068
  0.068
  0.069
  0.069
  0.069
  0.069
  0.068
  0.068
  0.067
  0.067
  0.066
  0.066
  0.065
  0.065
  0.064
  0.064
  0.064
  0.063
  0.063
  0.064
  0.064
  0.064
  0.065
  0.065
  0.066
  0.067
  0.067
  0.068
  0.069
  0.070
  0.070
  0.070
  0.071
  0.071
  0.071
  0.070
  0.070
  0.070
  0.069
  0.068
  0.067
  0.066
  0.065
  0.064
  0.063
  0.063
  0.062
  0.061
  0.061
  0.060
  0.060
  0.060
  0.060
  0.061
  0.061
  0.062
  0.062
  0.063
  0.064
  0.065
  0.066
  0.067
  0.068
  0.069
  0.070
  0.071
  0.072
  0.073
  0.074
  0.074
  0.075
  0.075
  0.076
  0.076
  0.076
  0.076
  0.076
  0.076
  0.076
  0.075
  0.075
  0.075
  0.074
  0.074
  0.073
  0.073
  0.072
  0.072
  0.072
  0.071
  0.071
  0.071
  0.070
  0.070
  0.070
  0.070
  0.070
  0.070
  0.069
  0.069
  0.069
  0.069
  0.069
  0.069
  0.069
  0.069
  0.069
  0.069
  0.069
  0.069
  0.069
  0.069
  0.070
  0.070
  0.070
  0.070
  0.070
  0.070
  0.071
  0.071
  0.071
  0.070
  0.070
  0.070
  0.070
  0.070
  0.069
  0.069
  0.068
  0.068
  0.068
  0.067
  0.067
  0.066
  0.066
  0.065
  0.065
  0.064
  0.064
  0.063
  0.063
  0.062
  0.062
  0.061
  0.061
  0.060
  0.060
  0.060
  0.059
  0.059
  0.059
  0.059
  0.059
  0.059
  0.059
  0.059
  0.059
  0.060
  0.060
  0.060
  0.061
  0.062
  0.062
  0.063
  0.064
  0.065
  0.065
  0.066
  0.067
  0.068
  0.069
  0.069
  0.070
  0.070
  0.071
  0.071
  0.071
  0.071
  0.071
  0.071
  0.070
  0.070
  0.069
  0.069
  0.068
  0.067
  0.066
  0.066
  0.065
  0.064
  0.064
  0.063
  0.063
  0.062
  0.061
  0.060
  0.060
  0.059
  0.058
  0.057
  0.056
  0.054
  0.053
  0.052
  0.051
  0.049
  0.048
  0.047
  0.046
  0.045
  0.044
  0.043
  0.042
  0.041
  0.041
  0.040
  0.040
  0.040
  0.039
  0.039
  0.039
  0.038
  0.038
  0.037
  0.037
  0.036
  0.035
  0.034
  0.033
  0.032
  0.031
  0.030
  0.029
  0.027
  0.026
  0.025
  0.023
  0.022
  0.021
  0.020
  0.020
  0.019
  0.018
  0.018
  0.018
  0.017
  0.017
  0.018
  0.018
  0.018
  0.019
  0.020
  0.020
  0.021
  0.022
  0.023
  0.024
  0.025
  0.026
  0.027
  0.028
  0.028
  0.029
  0.030
  0.031
  0.032
  0.032
  0.033
  0.034
  0.035
  0.035
  0.036
  0.037
  0.038
  0.038
  0.039
  0.039
  0.040
  0.041
  0.041
  0.041
  0.042
  0.042
  0.042
  0.042
  0.042
  0.042
  0.042
  0.042
  0.042
  0.042
  0.042
  0.042
  0.042
  0.042
  0.042
  0.042
  0.042
  0.042
  0.042
  0.042
  0.042
  0.041
  0.041
  0.041
  0.040
  0.040
  0.039
  0.039
  0.038
  0.038
  0.037
  0.036
  0.035
  0.034
  0.033
  0.033
  0.032
  0.031
  0.030
  0.030
  0.029
  0.029
  0.028
  0.028
  0.028
  0.028
  0.027
  0.027
  0.027
  0.027
  0.027
  0.027
  0.027
  0.027
  0.027
  0.027
  0.028
  0.028
  0.029
  0.029
  0.030
  0.031
  0.031
  0.032
  0.033
  0.033
  0.034
  0.035
  0.035
  0.036
  0.037
  0.037
  0.038
  0.038
  0.038
  0.039
  0.039
  0.039
  0.040
  0.040
  0.040
  0.041
  0.041
  0.042
  0.043
  0.044
  0.045
  0.046
  0.047
  0.048
  0.049
  0.050
  0.051
  0.052
  0.053
  0.053
  0.054
  0.055
  0.055
  0.055
  0.055
  0.056
  0.056
  0.056
  0.056
  0.056
  0.057
  0.057
  0.057
  0.058
  0.058
  0.059
  0.060
  0.061
  0.061
  0.062
  0.063
  0.064
  0.065
  0.066
  0.067
  0.067
  0.068
  0.068
  0.069
  0.069
  0.069
  0.068
  0.068
  0.067
  0.067
  0.066
  0.065
  0.063
  0.062
  0.061
  0.059
  0.058
  0.056
  0.055
  0.054
  0.053
  0.052
  0.051
  0.050
  0.049
  0.048
  0.048
  0.047
  0.047
  0.047
  0.047
  0.047
  0.047
  0.047
  0.047
  0.047
  0.047
  0.047
  0.047
  0.047
  0.047
  0.047
  0.047
  0.047
  0.047
  0.047
  0.047
  0.047
  0.047
  0.047
  0.047
  0.047
  0.047
  0.047
  0.047
  0.047
  0.047
  0.047
  0.047
  0.047
  0.047
  0.047
  0.047
  0.047
  0.047
  0.047
  0.047
  0.047
  0.047
  0.047
  0.047
  0.048
  0.048
  0.048
  0.049
  0.049
  0.050
  0.051
  0.051
  0.052
  0.052
  0.053
  0.053
  0.054
  0.054
  0.054
  0.054
  0.053
  0.053
  0.052
  0.052
  0.051
  0.050
  0.049
  0.048
  0.047
  0.045
  0.044
  0.043
  0.042
  0.041
  0.040
  0.039
  0.038
  0.037
  0.036
  0.035
  0.034
  0.034
  0.033
  0.033
  0.032
  0.032
  0.032
  0.031
  0.031
  0.031
  0.031
  0.031
  0.031
  0.031
  0.031
  0.031
  0.032
  0.032
  0.032
  0.033
  0.033
  0.033
  0.033
  0.034
  0.034
  0.034
  0.033
  0.033
  0.033
  0.033
  0.032
  0.032
  0.031
  0.031
  0.030
  0.030
  0.029
  0.029
  0.028
  0.027
  0.026
  0.025
  0.024
  0.023
  0.022
  0.021
  0.020
  0.019
  0.018
  0.017
  0.016
  0.015
  0.014
  0.014
  0.014
  0.014
  0.014
  0.014
  0.014
  0.015
  0.015
  0.016
  0.017
  0.018
  0.019
  0.019
  0.020
  0.021
  0.022
  0.023
  0.023
  0.024
  0.025
  0.025
  0.026
  0.026
  0.027
  0.027
  0.028
  0.028
  0.029
  0.030
  0.031
  0.031
  0.032
  0.033
  0.034
  0.035
  0.036
  0.037
  0.038
  0.039
  0.039
  0.040
  0.041
  0.042
  0.042
  0.042
  0.042
  0.042
  0.042
  0.041
  0.041
  0.040
  0.038
  0.037
  0.036
  0.034
  0.032
  0.030
  0.029
  0.027
  0.025
  0.023
  0.022
  0.020
  0.019
  0.018
  0.016
  0.015
  0.014
  0.013
  0.012
  0.011
  0.011
  0.010
  0.009
  0.009
  0.009
  0.008
  0.008
  0.008
  0.008
  0.008
  0.008
  0.008
  0.008
  0.009
  0.009
  0.009
  0.010
  0.010
  0.011
  0.012
  0.012
  0.013
  0.014
  0.015
  0.015
  0.016
  0.017
  0.018
  0.019
  0.020
  0.020
  0.021
  0.022
  0.023
  0.024
  0.025
  0.026
  0.027
  0.028
  0.029
  0.029
  0.030
  0.031
  0.031
  0.031
  0.032
  0.032
  0.031
  0.031
  0.031
  0.030
  0.029
  0.029
  0.028
  0.027
  0.025
  0.024
  0.023
  0.022
  0.021
  0.019
  0.018
  0.017
  0.016
  0.015
  0.014
  0.013
  0.012
  0.011
  0.010
  0.010
  0.009
  0.009
  0.008
  0.008
  0.008
  0.007
  0.007
  0.007
  0.007
  0.007
  0.007
  0.007
  0.007
  0.007
  0.006
  0.006
  0.007
  0.007
  0.007
  0.006
  0.006
  0.006
  0.006
  0.006
  0.006
  0.006
  0.006
  0.006
  0.005
  0.005
  0.005
  0.005
  0.005
  0.005
  0.005
  0.005
  0.005
  0.004
  0.004
  0.004
  0.004
  0.004
  0.004
  0.004
  0.004
  0.004
  0.003
  0.003
  0.003
  0.003
  0.003
  0.003
  0.003
  0.003
  0.003
  0.002
  0.002
  0.002
  0.002
  0.002
  0.002
  0.002
  0.002
  0.002
  0.002
  0.001
  0.001
  0.001
  0.001
  0.001
  0.001
  0.001
  0.001
  0.001
  0.000
  0.000
  0.000
  0.000
