  0.000
  0.000
  0.000
  0.000
  0.000
  0.000
  0.000
  0.000
  0.000
  0.000
  0.000
  0.000
  0.000
  0.000
  0.000
  0.000
  0.000
  0.000
  0.000
  0.000
  0.000
  0.000
  0.000
  0.000
  0.000
  0.000
  0.000
  0.000
  0.000
  0.000
  0.000
  0.000
  0.000
  0.000
  0.000
  0.000
  0.000
  0.000
  0.000
  0.000
  0.000
  0.000
  0.000
  0.000
  0.000
  0.000
  0.000
  0.000
  0.000
  0.000
  0.000
  0.000
  0.000
  0.000
  0.000
  0.000
  0.000
  0.000
  0.000
  0.000
  0.000
  0.000
  0.000
  0.000
  0.000
  0.000
  0.000
  0.000
  0.000
  0.000
  0.000
  0.000
  0.000
  0.000
  0.000
  0.000
  0.000
  0.000
  0.000
  0.000
  0.000
  0.000
  0.000
  0.000
  0.000
  0.000
  0.001
  0.003
  0.004
  0.006
  0.008
  0.011
  0.014
  0.017
  0.021
  0.025
  0.029
  0.035
  0.041
  0.047
  0.054
  0.062
  0.071
  0.080
  0.091
  0.102
  0.115
  0.129
  0.144
  0.160
  0.177
  0.196
  0.216
  0.237
  0.259
  0.282
  0.306
  0.331
  0.356
  0.382
  0.409
  0.435
  0.462
  0.489
  0.515
  0.542
  0.568
  0.595
  0.621
  0.647
  0.672
  0.698
  0.723
  0.749
  0.775
  0.801
  0.827
  0.854
  0.881
  0.909
  0.937
  0.966
  0.996
  1.026
  1.057
  1.089
  1.121
  1.154
  1.187
  1.221
  1.255
  1.289
  1.323
  1.357
  1.392
  1.426
  1.461
  1.495
  1.529
  1.564
  1.598
  1.632
  1.667
  1.701
  1.736
  1.770
  1.805
  1.840
  1.875
  1.910
  1.946
  1.981
  2.017
  2.052
  2.088
  2.123
  2.158
  2.193
  2.227
  2.261
  2.295
  2.328
  2.361
  2.393
  2.424
  2.455
  2.485
  2.515
  2.544
  2.572
  2.600
  2.627
  2.653
  2.679
  2.704
  2.729
  2.753
  2.776
  2.799
  2.821
  2.843
  2.864
  2.886
  2.907
  2.928
  2.949
  2.969
  2.990
  3.011
  3.032
  3.053
  3.074
  3.095
  3.115
  3.135
  3.154
  3.173
  3.190
  3.207
  3.223
  3.239
  3.253
  3.266
  3.278
  3.290
  3.300
  3.310
  3.318
  3.326
  3.334
  3.340
  3.346
  3.352
  3.356
  3.361
  3.364
  3.368
  3.370
  3.373
  3.374
  3.376
  3.377
  3.377
  3.377
  3.377
  3.376
  3.375
  3.373
  3.371
  3.368
  3.365
  3.361
  3.356
  3.351
  3.345
  3.338
  3.330
  3.322
  3.314
  3.304
  3.294
  3.283
  3.271
  3.259
  3.246
  3.233
  3.219
  3.204
  3.188
  3.173
  3.156
  3.140
  3.123
  3.105
  3.088
  3.071
  3.053
  3.036
  3.019
  3.002
  2.985
  2.968
  2.951
  2.934
  2.917
  2.900
  2.883
  2.866
  2.848
  2.831
  2.813
  2.794
  2.776
  2.757
  2.738
  2.719
  2.700
  2.681
  2.662
  2.642
  2.623
  2.604
  2.585
  2.566
  2.547
  2.529
  2.510
  2.492
  2.474
  2.457
  2.439
  2.422
  2.404
  2.387
  2.370
  2.353
  2.335
  2.318
  2.300
  2.282
  2.264
  2.246
  2.228
  2.209
  2.191
  2.172
  2.153
  2.134
  2.115
  2.096
  2.077
  2.059
  2.040
  2.022
  2.004
  1.986
  1.969
  1.952
  1.936
  1.920
  1.905
  1.889
  1.875
  1.860
  1.846
  1.832
  1.819
  1.805
  1.792
  1.779
  1.767
  1.754
  1.741
  1.729
  1.716
  1.704
  1.692
  1.680
  1.669
  1.657
  1.646
  1.635
  1.624
  1.613
  1.603
  1.593
  1.583
  1.573
  1.564
  1.554
  1.545
  1.536
  1.527
  1.519
  1.510
  1.502
  1.493
  1.485
  1.477
  1.468
  1.460
  1.452
  1.444
  1.436
  1.428
  1.420
  1.412
  1.404
  1.397
  1.389
  1.382
  1.375
  1.368
  1.361
  1.354
  1.347
  1.340
  1.333
  1.327
  1.320
  1.314
  1.307
  1.301
  1.294
  1.288
  1.282
  1.276
  1.269
  1.263
  1.257
  1.251
  1.244
  1.238
  1.232
  1.225
  1.219
  1.212
  1.205
  1.199
  1.192
  1.185
  1.178
  1.172
  1.165
  1.159
  1.153
  1.147
  1.142
  1.136
  1.132
  1.127
  1.123
  1.119
  1.116
  1.112
  1.109
  1.107
  1.104
  1.102
  1.100
  1.098
  1.096
  1.094
  1.092
  1.090
  1.088
  1.085
  1.083
  1.080
  1.077
  1.074
  1.071
  1.068
  1.064
  1.060
  1.056
  1.052
  1.047
  1.042
  1.038
  1.033
  1.028
  1.023
  1.018
  1.013
  1.008
  1.003
  0.998
  0.993
  0.989
  0.984
  0.979
  0.975
  0.971
  0.966
  0.962
  0.957
  0.953
  0.948
  0.944
  0.939
  0.934
  0.929
  0.923
  0.918
  0.912
  0.906
  0.899
  0.893
  0.887
  0.880
  0.873
  0.866
  0.859
  0.852
  0.845
  0.837
  0.830
  0.822
  0.814
  0.807
  0.798
  0.790
  0.782
  0.773
  0.765
  0.756
  0.747
  0.738
  0.728
  0.718
  0.708
  0.698
  0.687
  0.676
  0.665
  0.654
  0.642
  0.631
  0.619
  0.608
  0.596
  0.585
  0.575
  0.564
  0.555
  0.546
  0.538
  0.531
  0.525
  0.520
  0.517
  0.514
  0.513
  0.513
  0.514
  0.517
  0.519
  0.523
  0.526
  0.530
  0.532
  0.534
  0.535
  0.534
  0.532
  0.527
  0.521
  0.512
  0.502
  0.490
  0.476
  0.460
  0.444
  0.427
  0.410
  0.392
  0.375
  0.359
  0.343
  0.329
  0.315
  0.303
  0.292
  0.281
  0.272
  0.263
  0.254
  0.246
  0.238
  0.229
  0.220
  0.211
  0.202
  0.192
  0.182
  0.172
  0.162
  0.152
  0.143
  0.135
  0.128
  0.121
  0.116
  0.111
  0.108
  0.105
  0.103
  0.101
  0.099
  0.098
  0.096
  0.094
  0.092
  0.089
  0.086
  0.082
  0.077
  0.073
  0.068
  0.063
  0.057
  0.052
  0.047
  0.043
  0.038
  0.034
  0.030
  0.026
  0.023
  0.020
  0.017
  0.014
  0.012
  0.010
  0.008
  0.006
  0.005
  0.003
  0.002
  0.001
  0.000
  0.000
  0.000
  0.000
  0.000
  0.000
  0.000
  0.000
  0.000
  0.000
  0.000
  0.000
  0.000
  0.000
  0.000
  0.000
  0.000
  0.000
  0.000
  0.000
  0.000
  0.000
  0.000
  0.000
  0.000
  0.000
  0.000
  0.000
  0.000
  0.000
  0.000
  0.000
  0.000
  0.000
  0.000
  0.000
  0.000
  0.000
  0.000
  0.000
  0.000
  0.000
  0.000
  0.000
  0.000
  0.000
  0.000
  0.000
  0.000
  0.000
  0.000
  0.000
  0.000
  0.000
  0.000
  0.000
  0.000
  0.000
  0.000
  0.000
  0.000
  0.000
  0.000
  0.000
  0.000
  0.000
  0.000
  0.000
  0.000
  0.000
  0.000
  0.000
  0.000
  0.000
  0.000
  0.000
  0.000
  0.000
  0.000
  0.000
  0.000
  0.000
  0.000
  0.000
  0.000
  0.000
  0.000
  0.000
  0.000
  0.001
  0.003
  0.005
  0.008
  0.012
  0.015
  0.019
  0.024
  0.029
  0.034
  0.040
  0.046
  0.052
  0.059
  0.065
  0.072
  0.079
  0.086
  0.093
  0.101
  0.108
  0.115
  0.123
  0.130
  0.138
  0.145
  0.153
  0.161
  0.168
  0.175
  0.183
  0.189
  0.196
  0.202
  0.208
  0.214
  0.219
  0.224
  0.229
  0.233
  0.237
  0.240
  0.243
  0.246
  0.249
  0.252
  0.255
  0.258
  0.261
  0.264
  0.267
  0.270
  0.274
  0.278
  0.283
  0.287
  0.292
  0.297
  0.303
  0.308
  0.314
  0.320
  0.326
  0.332
  0.338
  0.344
  0.349
  0.354
  0.359
  0.364
  0.369
  0.372
  0.376
  0.379
  0.382
  0.385
  0.387
  0.388
  0.390
  0.391
  0.393
  0.394
  0.395
  0.396
  0.396
  0.398
  0.399
  0.400
  0.401
  0.402
  0.404
  0.405
  0.406
  0.408
  0.409
  0.410
  0.412
  0.413
  0.413
  0.414
  0.415
  0.415
  0.415
  0.415
  0.415
  0.415
  0.415
  0.414
  0.414
  0.414
  0.413
  0.413
  0.413
  0.413
  0.413
  0.414
  0.414
  0.415
  0.415
  0.416
  0.417
  0.417
  0.417
  0.418
  0.418
  0.418
  0.418
  0.417
  0.417
  0.416
  0.415
  0.414
  0.413
  0.412
  0.411
  0.409
  0.408
  0.407
  0.405
  0.404
  0.403
  0.402
  0.402
  0.401
  0.401
  0.401
  0.401
  0.401
  0.401
  0.402
  0.403
  0.403
  0.404
  0.405
  0.405
  0.406
  0.406
  0.407
  0.407
  0.407
  0.407
  0.406
  0.406
  0.405
  0.405
  0.404
  0.403
  0.402
  0.400
  0.399
  0.397
  0.395
  0.392
  0.390
  0.387
  0.383
  0.380
  0.375
  0.371
  0.366
  0.362
  0.356
  0.351
  0.345
  0.339
  0.333
  0.327
  0.321
  0.315
  0.309
  0.303
  0.297
  0.292
  0.286
  0.281
  0.276
  0.272
  0.267
  0.263
  0.259
  0.256
  0.253
  0.250
  0.248
  0.246
  0.244
  0.242
  0.241
  0.239
  0.238
  0.237
  0.236
  0.235
  0.234
  0.233
  0.232
  0.231
  0.230
  0.228
  0.227
  0.225
  0.224
  0.222
  0.221
  0.219
  0.218
  0.216
  0.215
  0.214
  0.213
  0.211
  0.210
  0.209
  0.209
  0.208
  0.207
  0.206
  0.206
  0.205
  0.205
  0.204
  0.204
  0.203
  0.203
  0.202
  0.202
  0.201
  0.200
  0.200
  0.199
  0.198
  0.197
  0.196
  0.195
  0.194
  0.193
  0.192
  0.191
  0.190
  0.189
  0.189
  0.188
  0.188
  0.187
  0.187
  0.187
  0.186
  0.186
  0.186
  0.186
  0.186
  0.185
  0.185
  0.185
  0.185
  0.185
  0.185
  0.185
  0.184
  0.184
  0.184
  0.184
  0.184
  0.184
  0.184
  0.184
  0.184
  0.184
  0.184
  0.184
  0.184
  0.184
  0.184
  0.183
  0.183
  0.183
  0.182
  0.181
  0.180
  0.179
  0.178
  0.177
  0.176
  0.175
  0.174
  0.173
  0.172
  0.171
  0.170
  0.169
  0.169
  0.168
  0.168
  0.167
  0.167
  0.167
  0.167
  0.167
  0.167
  0.167
  0.167
  0.167
  0.167
  0.167
  0.167
  0.167
  0.167
  0.167
  0.167
  0.167
  0.167
  0.166
  0.166
  0.166
  0.166
  0.166
  0.166
  0.166
  0.166
  0.166
  0.166
  0.166
  0.166
  0.166
  0.166
  0.166
  0.166
  0.167
  0.167
  0.167
  0.167
  0.167
  0.167
  0.167
  0.167
  0.167
  0.166
  0.166
  0.166
  0.165
  0.165
  0.164
  0.163
  0.162
  0.161
  0.160
  0.159
  0.158
  0.157
  0.155
  0.154
  0.152
  0.151
  0.149
  0.148
  0.146
  0.145
  0.143
  0.142
  0.141
  0.139
  0.138
  0.137
  0.136
  0.135
  0.135
  0.134
  0.134
  0.134
  0.134
  0.135
  0.135
  0.136
  0.137
  0.138
  0.140
  0.142
  0.143
  0.145
  0.147
  0.149
  0.151
  0.153
  0.155
  0.157
  0.159
  0.160
  0.162
  0.163
  0.164
  0.165
  0.166
  0.166
  0.167
  0.167
  0.168
  0.168
  0.168
  0.168
  0.168
  0.168
  0.168
  0.167
  0.167
  0.167
  0.167
  0.166
  0.166
  0.165
  0.165
  0.164
  0.163
  0.162
  0.161
  0.160
  0.159
  0.158
  0.156
  0.155
  0.153
  0.152
  0.150
  0.149
  0.147
  0.145
  0.143
  0.141
  0.139
  0.137
  0.135
  0.134
  0.132
  0.130
  0.128
  0.126
  0.124
  0.122
  0.120
  0.118
  0.117
  0.115
  0.114
  0.112
  0.111
  0.110
  0.109
  0.108
  0.107
  0.106
  0.105
  0.104
  0.104
  0.103
  0.102
  0.102
  0.101
  0.101
  0.100
  0.100
  0.099
  0.099
  0.099
  0.098
  0.098
  0.098
  0.097
  0.097
  0.097
  0.097
  0.096
  0.096
  0.096
  0.096
  0.096
  0.096
  0.096
  0.096
  0.096
  0.096
  0.096
  0.096
  0.096
  0.097
  0.098
  0.098
  0.099
  0.100
  0.101
  0.103
  0.104
  0.106
  0.107
  0.109
  0.111
  0.113
  0.115
  0.117
  0.118
  0.120
  0.121
  0.123
  0.124
  0.125
  0.126
  0.127
  0.128
  0.129
  0.130
  0.130
  0.131
  0.131
  0.131
  0.132
  0.132
  0.132
  0.132
  0.132
  0.132
  0.132
  0.132
  0.131
  0.130
  0.129
  0.128
  0.127
  0.126
  0.124
  0.122
  0.121
  0.119
  0.117
  0.115
  0.113
  0.111
  0.110
  0.108
  0.107
  0.106
  0.105
  0.104
  0.103
  0.102
  0.102
  0.102
  0.101
  0.101
  0.101
  0.101
  0.101
  0.101
  0.101
  0.101
  0.101
  0.101
  0.100
  0.100
  0.100
  0.099
  0.099
  0.099
  0.098
  0.098
  0.098
  0.098
  0.097
  0.097
  0.097
  0.097
  0.097
  0.097
  0.097
  0.097
  0.097
  0.097
  0.097
  0.097
  0.097
  0.097
  0.097
  0.097
  0.097
  0.097
  0.097
  0.097
  0.097
  0.097
  0.097
  0.097
  0.097
  0.097
  0.097
  0.097
  0.097
  0.097
  0.097
  0.097
  0.097
  0.097
  0.097
  0.097
  0.097
  0.097
  0.097
  0.097
  0.097
  0.097
  0.097
  0.097
  0.097
  0.097
  0.097
  0.097
  0.097
  0.097
  0.097
  0.097
  0.097
  0.097
  0.097
  0.097
  0.097
  0.097
  0.097
  0.097
  0.097
  0.097
  0.097
  0.097
  0.097
  0.097
  0.097
  0.097
  0.097
  0.097
  0.097
  0.097
  0.097
  0.097
  0.097
  0.097
  0.097
  0.097
  0.097
  0.097
  0.097
  0.097
  0.097
  0.097
  0.097
  0.097
  0.097
  0.097
  0.097
  0.097
  0.097
  0.097
  0.097
  0.097
  0.097
  0.097
  0.097
  0.097
  0.097
  0.097
  0.097
  0.097
  0.097
  0.097
  0.097
  0.097
  0.097
  0.097
  0.097
  0.097
  0.097
  0.097
  0.097
  0.097
  0.097
  0.097
  0.097
  0.097
  0.098
  0.098
  0.098
  0.098
  0.098
  0.098
  0.098
  0.098
  0.099
  0.099
  0.099
  0.098
  0.098
  0.098
  0.097
  0.097
  0.096
  0.095
  0.094
  0.092
  0.091
  0.089
  0.087
  0.085
  0.082
  0.080
  0.078
  0.075
  0.073
  0.071
  0.069
  0.067
  0.065
  0.064
  0.062
  0.061
  0.060
  0.059
  0.059
  0.058
  0.058
  0.058
  0.058
  0.058
  0.059
  0.059
  0.060
  0.061
  0.062
  0.063
  0.065
  0.066
  0.068
  0.070
  0.072
  0.074
  0.077
  0.079
  0.081
  0.083
  0.086
  0.088
  0.090
  0.092
  0.093
  0.095
  0.096
  0.097
  0.097
  0.098
  0.098
  0.098
  0.098
  0.097
  0.097
  0.096
  0.094
  0.093
  0.092
  0.090
  0.088
  0.086
  0.084
  0.082
  0.080
  0.078
  0.075
  0.073
  0.071
  0.070
  0.068
  0.066
  0.064
  0.063
  0.061
  0.060
  0.059
  0.057
  0.056
  0.055
  0.054
  0.052
  0.051
  0.050
  0.049
  0.048
  0.047
  0.046
  0.045
  0.044
  0.043
  0.042
  0.041
  0.041
  0.040
  0.040
  0.040
  0.039
  0.039
  0.039
  0.039
  0.039
  0.040
  0.040
  0.040
  0.040
  0.041
  0.041
  0.041
  0.042
  0.042
  0.042
  0.043
  0.043
  0.043
  0.043
  0.044
  0.044
  0.044
  0.044
  0.044
  0.044
  0.043
  0.043
  0.043
  0.043
  0.043
  0.043
  0.044
  0.044
  0.044
  0.045
  0.045
  0.046
  0.046
  0.047
  0.048
  0.049
  0.050
  0.051
  0.052
  0.053
  0.054
  0.055
  0.056
  0.057
  0.058
  0.059
  0.060
  0.061
  0.061
  0.062
  0.062
  0.062
  0.062
  0.063
  0.063
  0.063
  0.063
  0.063
  0.063
  0.063
  0.063
  0.063
  0.063
  0.063
  0.062
  0.062
  0.062
  0.061
  0.061
  0.060
  0.060
  0.059
  0.058
  0.057
  0.056
  0.055
  0.054
  0.053
  0.052
  0.050
  0.049
  0.048
  0.047
  0.046
  0.045
  0.044
  0.043
  0.043
  0.042
  0.041
  0.041
  0.040
  0.040
  0.039
  0.039
  0.038
  0.038
  0.037
  0.037
  0.037
  0.036
  0.036
  0.036
  0.035
  0.035
  0.035
  0.035
  0.035
  0.035
  0.034
  0.034
  0.034
  0.034
  0.034
  0.033
  0.033
  0.033
  0.032
  0.032
  0.031
  0.031
  0.030
  0.030
  0.029
  0.029
  0.029
  0.028
  0.028
  0.028
  0.027
  0.027
  0.027
  0.027
  0.027
  0.026
  0.026
  0.026
  0.026
  0.025
  0.025
  0.025
  0.024
  0.024
  0.024
  0.023
  0.023
  0.023
  0.022
  0.022
  0.022
  0.022
  0.022
  0.022
  0.023
  0.023
  0.023
  0.023
  0.023
  0.023
  0.023
  0.023
  0.022
  0.022
  0.021
  0.020
  0.019
  0.018
  0.016
  0.015
  0.013
  0.012
  0.010
  0.009
  0.007
  0.006
  0.005
  0.005
  0.004
  0.004
  0.005
  0.005
  0.006
  0.007
  0.009
  0.010
  0.012
  0.014
  0.016
  0.017
  0.019
  0.020
  0.022
  0.022
  0.023
  0.024
  0.024
  0.024
  0.024
  0.023
  0.023
  0.023
  0.023
  0.022
  0.022
  0.022
  0.022
  0.022
  0.022
  0.023
  0.023
  0.023
  0.023
  0.023
  0.023
  0.023
  0.023
  0.023
  0.023
  0.023
  0.023
  0.023
  0.023
  0.023
  0.023
  0.023
  0.023
  0.023
  0.024
  0.024
  0.024
  0.024
  0.025
  0.025
  0.025
  0.026
  0.026
  0.026
  0.027
  0.027
  0.028
  0.028
  0.029
  0.030
  0.031
  0.031
  0.032
  0.033
  0.034
  0.034
  0.035
  0.036
  0.036
  0.037
  0.038
  0.038
  0.039
  0.040
  0.040
  0.041
  0.042
  0.043
  0.043
  0.044
  0.045
  0.045
  0.046
  0.047
  0.047
  0.048
  0.048
  0.048
  0.049
  0.049
  0.049
  0.049
  0.049
  0.049
  0.048
  0.048
  0.048
  0.047
  0.046
  0.045
  0.045
  0.044
  0.043
  0.042
  0.041
  0.039
  0.038
  0.037
  0.036
  0.035
  0.034
  0.033
  0.032
  0.031
  0.030
  0.028
  0.027
  0.026
  0.025
  0.023
  0.022
  0.020
  0.019
  0.017
  0.016
  0.014
  0.012
  0.011
  0.009
  0.008
  0.006
  0.005
  0.004
  0.003
  0.002
  0.001
  0.001
  0.000
  0.000
  0.000
  0.000
  0.000
  0.000
  0.000
  0.000
  0.000
  0.000
  0.000
  0.000
  0.000
  0.000
  0.000
  0.000
  0.000
  0.000
  0.000
  0.000
  0.000
  0.000
  0.000
  0.000
  0.000
  0.000
  0.000
  0.000
  0.000
  0.000
  0.000
  0.000
  0.000
  0.000
  0.000
  0.000
  0.000
  0.000
  0.000
  0.000
  0.000
  0.000
  0.000
  0.000
  0.000
  0.000
  0.000
  0.000
  0.000
  0.000
  0.000
  0.000
  0.000
  0.000
  0.000
  0.001
  0.001
  0.002
  0.003
  0.005
  0.006
  0.007
  0.009
  0.011
  0.013
  0.015
  0.017
  0.019
  0.021
  0.024
  0.026
  0.028
  0.030
  0.032
  0.034
  0.036
  0.038
  0.039
  0.041
  0.043
  0.044
  0.046
  0.046
  0.046
  0.046
  0.046
  0.046
  0.045
  0.044
  0.043
  0.043
  0.042
  0.041
  0.040
  0.039
  0.039
  0.038
  0.037
  0.036
  0.036
  0.035
  0.034
  0.033
  0.033
  0.032
  0.031
  0.030
  0.030
  0.029
  0.028
  0.027
  0.027
  0.026
  0.025
  0.024
  0.024
  0.023
  0.022
  0.021
  0.020
  0.020
  0.019
  0.018
  0.017
  0.017
  0.016
  0.015
  0.014
  0.014
  0.013
  0.012
  0.011
  0.011
  0.010
  0.009
  0.008
  0.008
  0.007
  0.006
  0.005
  0.005
  0.004
  0.003
  0.002
  0.002
  0.001
