  0.000
  0.000
  0.000
  0.000
  0.000
  0.000
  0.000
  0.000
  0.000
  0.000
  0.000
  0.000
  0.000
  0.000
  0.000
  0.000
  0.000
  0.000
  0.000
  0.000
  0.000
  0.000
  0.000
  0.000
  0.000
  0.000
  0.000
  0.000
  0.000
  0.000
  0.000
  0.000
  0.000
  0.000
  0.000
  0.000
  0.000
  0.000
  0.000
  0.000
  0.000
  0.000
  0.000
  0.000
  0.000
  0.000
  0.000
  0.000
  0.000
  0.000
  0.000
  0.000
  0.000
  0.000
  0.000
  0.000
  0.000
  0.000
  0.000
  0.000
  0.000
  0.000
  0.000
  0.000
  0.000
  0.000
  0.000
  0.000
  0.000
  0.000
  0.000
  0.000
  0.000
  0.000
  0.000
  0.000
  0.001
  0.001
  0.001
  0.002
  0.002
  0.002
  0.003
  0.004
  0.004
  0.005
  0.006
  0.007
  0.008
  0.010
  0.011
  0.013
  0.016
  0.018
  0.021
  0.025
  0.029
  0.033
  0.038
  0.043
  0.049
  0.056
  0.064
  0.072
  0.081
  0.091
  0.102
  0.115
  0.128
  0.144
  0.161
  0.180
  0.201
  0.224
  0.250
  0.279
  0.311
  0.346
  0.384
  0.427
  0.473
  0.523
  0.578
  0.638
  0.703
  0.774
  0.849
  0.931
  1.019
  1.113
  1.214
  1.322
  1.437
  1.559
  1.688
  1.824
  1.967
  2.118
  2.276
  2.440
  2.611
  2.788
  2.971
  3.158
  3.350
  3.545
  3.744
  3.944
  4.146
  4.348
  4.549
  4.748
  4.945
  5.139
  5.329
  5.514
  5.694
  5.868
  6.035
  6.196
  6.350
  6.497
  6.637
  6.769
  6.895
  7.013
  7.124
  7.229
  7.326
  7.417
  7.502
  7.580
  7.653
  7.719
  7.779
  7.834
  7.884
  7.928
  7.967
  8.001
  8.030
  8.055
  8.076
  8.093
  8.107
  8.117
  8.125
  8.129
  8.132
  8.132
  8.131
  8.127
  8.123
  8.117
  8.109
  8.101
  8.091
  8.080
  8.069
  8.056
  8.042
  8.027
  8.011
  7.993
  7.975
  7.957
  7.937
  7.916
  7.895
  7.873
  7.850
  7.827
  7.803
  7.779
  7.754
  7.729
  7.703
  7.676
  7.650
  7.623
  7.596
  7.569
  7.542
  7.515
  7.488
  7.461
  7.434
  7.407
  7.380
  7.353
  7.324
  7.295
  7.266
  7.235
  7.204
  7.171
  7.137
  7.103
  7.068
  7.032
  6.996
  6.959
  6.922
  6.885
  6.849
  6.812
  6.775
  6.738
  6.700
  6.662
  6.622
  6.581
  6.538
  6.493
  6.446
  6.395
  6.341
  6.284
  6.224
  6.161
  6.096
  6.027
  5.957
  5.885
  5.812
  5.739
  5.666
  5.595
  5.525
  5.457
  5.392
  5.331
  5.273
  5.218
  5.167
  5.120
  5.077
  5.038
  5.001
  4.967
  4.936
  4.906
  4.878
  4.851
  4.824
  4.797
  4.770
  4.743
  4.714
  4.685
  4.655
  4.623
  4.590
  4.557
  4.522
  4.487
  4.452
  4.416
  4.380
  4.345
  4.311
  4.277
  4.245
  4.213
  4.182
  4.152
  4.123
  4.095
  4.067
  4.039
  4.012
  3.984
  3.956
  3.928
  3.900
  3.873
  3.846
  3.820
  3.796
  3.774
  3.754
  3.737
  3.723
  3.712
  3.704
  3.699
  3.697
  3.697
  3.699
  3.702
  3.704
  3.706
  3.706
  3.704
  3.698
  3.688
  3.673
  3.654
  3.630
  3.601
  3.569
  3.532
  3.491
  3.449
  3.405
  3.360
  3.316
  3.273
  3.232
  3.192
  3.155
  3.121
  3.089
  3.060
  3.034
  3.010
  2.989
  2.970
  2.953
  2.937
  2.923
  2.910
  2.897
  2.885
  2.872
  2.859
  2.844
  2.828
  2.809
  2.789
  2.766
  2.741
  2.713
  2.683
  2.652
  2.620
  2.586
  2.552
  2.518
  2.485
  2.453
  2.422
  2.393
  2.365
  2.339
  2.315
  2.292
  2.270
  2.250
  2.231
  2.213
  2.196
  2.179
  2.163
  2.147
  2.132
  2.117
  2.102
  2.087
  2.072
  2.058
  2.043
  2.029
  2.015
  2.002
  1.989
  1.978
  1.967
  1.957
  1.948
  1.941
  1.935
  1.930
  1.926
  1.923
  1.920
  1.918
  1.915
  1.913
  1.909
  1.905
  1.900
  1.893
  1.885
  1.876
  1.866
  1.855
  1.842
  1.829
  1.816
  1.803
  1.790
  1.778
  1.767
  1.757
  1.748
  1.741
  1.735
  1.731
  1.728
  1.727
  1.728
  1.729
  1.732
  1.735
  1.739
  1.742
  1.745
  1.748
  1.750
  1.751
  1.751
  1.750
  1.747
  1.743
  1.738
  1.732
  1.725
  1.716
  1.707
  1.697
  1.686
  1.675
  1.663
  1.651
  1.639
  1.626
  1.614
  1.601
  1.589
  1.577
  1.565
  1.554
  1.543
  1.533
  1.524
  1.516
  1.509
  1.502
  1.497
  1.493
  1.490
  1.487
  1.485
  1.483
  1.481
  1.479
  1.476
  1.474
  1.472
  1.469
  1.467
  1.465
  1.463
  1.462
  1.463
  1.464
  1.466
  1.469
  1.473
  1.477
  1.482
  1.488
  1.494
  1.499
  1.504
  1.508
  1.512
  1.514
  1.516
  1.516
  1.515
  1.513
  1.510
  1.505
  1.499
  1.492
  1.484
  1.475
  1.464
  1.454
  1.442
  1.429
  1.416
  1.403
  1.390
  1.376
  1.363
  1.350
  1.337
  1.326
  1.315
  1.306
  1.298
  1.291
  1.286
  1.282
  1.279
  1.278
  1.277
  1.278
  1.279
  1.280
  1.281
  1.283
  1.285
  1.286
  1.287
  1.287
  1.287
  1.287
  1.286
  1.285
  1.283
  1.280
  1.278
  1.274
  1.271
  1.267
  1.263
  1.258
  1.253
  1.249
  1.244
  1.239
  1.235
  1.231
  1.226
  1.222
  1.219
  1.215
  1.212
  1.209
  1.207
  1.205
  1.203
  1.201
  1.200
  1.198
  1.198
  1.197
  1.197
  1.198
  1.198
  1.199
  1.200
  1.201
  1.202
  1.203
  1.204
  1.205
  1.205
  1.205
  1.205
  1.204
  1.202
  1.200
  1.198
  1.195
  1.191
  1.187
  1.182
  1.178
  1.173
  1.167
  1.162
  1.156
  1.151
  1.146
  1.140
  1.135
  1.130
  1.125
  1.120
  1.115
  1.110
  1.106
  1.101
  1.097
  1.093
  1.089
  1.086
  1.083
  1.080
  1.077
  1.075
  1.073
  1.071
  1.070
  1.068
  1.067
  1.065
  1.064
  1.062
  1.060
  1.058
  1.055
  1.052
  1.048
  1.044
  1.040
  1.036
  1.032
  1.029
  1.025
  1.021
  1.018
  1.015
  1.013
  1.011
  1.009
  1.007
  1.005
  1.004
  1.003
  1.002
  1.001
  1.000
  1.000
  0.999
  0.999
  0.998
  0.998
  0.998
  0.997
  0.997
  0.996
  0.996
  0.995
  0.993
  0.992
  0.990
  0.987
  0.984
  0.980
  0.976
  0.971
  0.965
  0.958
  0.951
  0.943
  0.934
  0.925
  0.915
  0.905
  0.894
  0.884
  0.874
  0.864
  0.854
  0.845
  0.837
  0.830
  0.823
  0.818
  0.814
  0.810
  0.808
  0.807
  0.807
  0.808
  0.810
  0.813
  0.816
  0.820
  0.824
  0.828
  0.832
  0.836
  0.840
  0.843
  0.845
  0.847
  0.848
  0.849
  0.849
  0.848
  0.846
  0.845
  0.843
  0.841
  0.838
  0.836
  0.834
  0.833
  0.832
  0.831
  0.830
  0.830
  0.830
  0.830
  0.829
  0.829
  0.829
  0.829
  0.828
  0.827
  0.825
  0.823
  0.821
  0.818
  0.816
  0.813
  0.809
  0.806
  0.803
  0.799
  0.795
  0.792
  0.788
  0.784
  0.780
  0.776
  0.772
  0.769
  0.765
  0.760
  0.756
  0.752
  0.748
  0.743
  0.739
  0.735
  0.731
  0.727
  0.723
  0.719
  0.716
  0.712
  0.709
  0.707
  0.704
  0.702
  0.699
  0.697
  0.696
  0.694
  0.692
  0.691
  0.689
  0.688
  0.687
  0.686
  0.685
  0.685
  0.684
  0.684
  0.683
  0.683
  0.683
  0.682
  0.682
  0.681
  0.680
  0.679
  0.678
  0.677
  0.675
  0.673
  0.671
  0.669
  0.667
  0.665
  0.663
  0.662
  0.660
  0.659
  0.659
  0.659
  0.659
  0.659
  0.660
  0.660
  0.661
  0.662
  0.663
  0.664
  0.664
  0.664
  0.664
  0.664
  0.662
  0.661
  0.659
  0.657
  0.654
  0.652
  0.649
  0.645
  0.642
  0.639
  0.636
  0.632
  0.629
  0.626
  0.623
  0.620
  0.618
  0.615
  0.613
  0.611
  0.610
  0.608
  0.607
  0.605
  0.604
  0.603
  0.602
  0.602
  0.601
  0.600
  0.599
  0.599
  0.598
  0.597
  0.597
  0.596
  0.595
  0.594
  0.594
  0.593
  0.593
  0.592
  0.592
  0.591
  0.591
  0.591
  0.591
  0.590
  0.590
  0.590
  0.590
  0.590
  0.590
  0.590
  0.590
  0.589
  0.589
  0.589
  0.588
  0.587
  0.587
  0.586
  0.585
  0.584
  0.583
  0.582
  0.581
  0.580
  0.579
  0.578
  0.577
  0.576
  0.575
  0.574
  0.573
  0.572
  0.570
  0.568
  0.567
  0.565
  0.563
  0.560
  0.558
  0.556
  0.553
  0.551
  0.548
  0.545
  0.542
  0.540
  0.537
  0.535
  0.532
  0.530
  0.528
  0.527
  0.525
  0.524
  0.523
  0.522
  0.521
  0.521
  0.521
  0.521
  0.521
  0.521
  0.522
  0.522
  0.523
  0.523
  0.524
  0.524
  0.524
  0.525
  0.525
  0.524
  0.524
  0.524
  0.523
  0.522
  0.521
  0.520
  0.518
  0.517
  0.515
  0.514
  0.512
  0.511
  0.509
  0.508
  0.507
  0.506
  0.505
  0.504
  0.503
  0.503
  0.502
  0.502
  0.501
  0.501
  0.501
  0.501
  0.501
  0.501
  0.501
  0.501
  0.501
  0.502
  0.502
  0.502
  0.502
  0.502
  0.502
  0.502
  0.502
  0.502
  0.501
  0.501
  0.501
  0.500
  0.500
  0.500
  0.499
  0.499
  0.499
  0.498
  0.498
  0.497
  0.497
  0.497
  0.496
  0.496
  0.496
  0.495
  0.495
  0.495
  0.494
  0.494
  0.493
  0.493
  0.492
  0.491
  0.489
  0.488
  0.487
  0.485
  0.484
  0.482
  0.480
  0.479
  0.477
  0.476
  0.474
  0.473
  0.472
  0.471
  0.470
  0.469
  0.468
  0.468
  0.467
  0.467
  0.467
  0.467
  0.466
  0.466
  0.466
  0.465
  0.465
  0.464
  0.464
  0.463
  0.462
  0.461
  0.460
  0.459
  0.457
  0.456
  0.454
  0.453
  0.451
  0.450
  0.448
  0.446
  0.445
  0.443
  0.442
  0.441
  0.439
  0.438
  0.437
  0.437
  0.436
  0.435
  0.435
  0.434
  0.434
  0.434
  0.434
  0.434
  0.433
  0.433
  0.433
  0.433
  0.433
  0.433
  0.432
  0.432
  0.432
  0.431
  0.431
  0.430
  0.429
  0.429
  0.428
  0.427
  0.426
  0.425
  0.425
  0.424
  0.423
  0.422
  0.421
  0.420
  0.418
  0.417
  0.416
  0.414
  0.413
  0.411
  0.409
  0.407
  0.404
  0.402
  0.400
  0.398
  0.395
  0.393
  0.391
  0.389
  0.388
  0.386
  0.385
  0.384
  0.383
  0.382
  0.382
  0.381
  0.381
  0.381
  0.381
  0.381
  0.381
  0.382
  0.382
  0.382
  0.383
  0.383
  0.384
  0.384
  0.385
  0.385
  0.386
  0.386
  0.387
  0.387
  0.387
  0.388
  0.388
  0.388
  0.388
  0.388
  0.388
  0.388
  0.388
  0.388
  0.387
  0.387
  0.386
  0.385
  0.384
  0.383
  0.382
  0.381
  0.380
  0.378
  0.377
  0.376
  0.374
  0.373
  0.371
  0.370
  0.369
  0.367
  0.366
  0.365
  0.364
  0.363
  0.363
  0.362
  0.361
  0.361
  0.361
  0.360
  0.360
  0.360
  0.360
  0.360
  0.360
  0.360
  0.360
  0.360
  0.360
  0.361
  0.361
  0.361
  0.361
  0.361
  0.361
  0.361
  0.361
  0.361
  0.361
  0.361
  0.361
  0.361
  0.361
  0.361
  0.361
  0.361
  0.361
  0.361
  0.361
  0.361
  0.361
  0.361
  0.361
  0.361
  0.361
  0.361
  0.361
  0.361
  0.361
  0.361
  0.361
  0.361
  0.361
  0.361
  0.361
  0.361
  0.361
  0.361
  0.361
  0.361
  0.361
  0.361
  0.361
  0.361
  0.361
  0.360
  0.360
  0.360
  0.359
  0.359
  0.358
  0.357
  0.357
  0.356
  0.355
  0.355
  0.354
  0.353
  0.352
  0.352
  0.351
  0.351
  0.350
  0.350
  0.349
  0.349
  0.349
  0.348
  0.348
  0.348
  0.347
  0.347
  0.346
  0.345
  0.344
  0.344
  0.343
  0.342
  0.341
  0.340
  0.339
  0.338
  0.337
  0.336
  0.334
  0.333
  0.332
  0.331
  0.330
  0.329
  0.327
  0.326
  0.324
  0.323
  0.321
  0.319
  0.317
  0.315
  0.313
  0.311
  0.309
  0.307
  0.305
  0.303
  0.301
  0.300
  0.298
  0.297
  0.296
  0.295
  0.294
  0.294
  0.293
  0.293
  0.293
  0.292
  0.292
  0.292
  0.292
  0.292
  0.292
  0.292
  0.292
  0.292
  0.291
  0.291
  0.290
  0.289
  0.288
  0.287
  0.285
  0.283
  0.281
  0.279
  0.277
  0.275
  0.273
  0.271
  0.269
  0.267
  0.265
  0.263
  0.261
  0.260
  0.259
  0.258
  0.257
  0.257
  0.257
  0.257
  0.258
  0.258
  0.259
  0.260
  0.261
  0.262
  0.263
  0.264
  0.264
  0.265
  0.266
  0.266
  0.267
  0.267
  0.267
  0.266
  0.266
  0.265
  0.265
  0.264
  0.263
  0.262
  0.261
  0.260
  0.260
  0.259
  0.258
  0.258
  0.257
  0.257
  0.257
  0.256
  0.256
  0.256
  0.256
  0.256
  0.256
  0.256
  0.256
  0.256
  0.256
  0.256
  0.256
  0.256
  0.255
  0.255
  0.254
  0.254
  0.253
  0.252
  0.251
  0.250
  0.249
  0.248
  0.247
  0.245
  0.244
  0.243
  0.242
  0.241
  0.240
  0.239
  0.239
  0.238
  0.238
  0.237
  0.237
  0.237
  0.237
  0.236
  0.236
  0.236
  0.235
  0.235
  0.234
  0.234
  0.233
  0.232
  0.232
  0.231
  0.230
  0.229
  0.228
  0.228
  0.227
  0.226
  0.225
  0.225
  0.224
  0.224
  0.223
  0.223
  0.223
  0.222
  0.222
  0.222
  0.222
  0.222
  0.222
  0.223
  0.223
  0.223
  0.223
  0.224
  0.224
  0.224
  0.225
  0.225
  0.226
  0.226
  0.227
  0.227
  0.227
  0.228
  0.228
  0.228
  0.228
  0.228
  0.228
  0.227
  0.227
  0.227
  0.226
  0.225
  0.225
  0.224
  0.223
  0.223
  0.222
  0.222
  0.221
  0.221
  0.220
  0.220
  0.220
  0.220
  0.220
  0.220
  0.220
  0.220
  0.220
  0.220
  0.221
  0.221
  0.221
  0.222
  0.222
  0.222
  0.222
  0.223
  0.223
  0.223
  0.223
  0.223
  0.224
  0.224
  0.224
  0.224
  0.224
  0.224
  0.224
  0.224
  0.224
  0.223
  0.223
  0.223
  0.223
  0.222
  0.222
  0.221
  0.221
  0.220
  0.219
  0.218
  0.217
  0.216
  0.215
  0.213
  0.212
  0.211
  0.209
  0.208
  0.206
  0.205
  0.203
  0.201
  0.200
  0.198
  0.196
  0.195
  0.194
  0.192
  0.191
  0.190
  0.189
  0.188
  0.188
  0.187
  0.186
  0.186
  0.185
  0.185
  0.184
  0.184
  0.183
  0.183
  0.183
  0.182
  0.182
  0.181
  0.181
  0.181
  0.181
  0.180
  0.180
  0.180
  0.180
  0.180
  0.180
  0.180
  0.180
  0.180
  0.179
  0.179
  0.179
  0.179
  0.178
  0.177
  0.177
  0.176
  0.175
  0.174
  0.174
  0.173
  0.172
  0.171
  0.170
  0.169
  0.167
  0.166
  0.165
  0.164
  0.163
  0.161
  0.160
  0.159
  0.158
  0.157
  0.156
  0.155
  0.154
  0.153
  0.152
  0.152
  0.151
  0.151
  0.151
  0.151
  0.150
  0.150
  0.150
  0.150
  0.150
  0.150
  0.150
  0.150
  0.150
  0.151
  0.151
  0.151
  0.151
  0.151
  0.151
  0.151
  0.151
  0.151
  0.151
  0.151
  0.151
  0.151
  0.151
  0.151
  0.151
  0.151
  0.151
  0.151
  0.151
  0.151
  0.151
  0.151
  0.151
  0.151
  0.151
  0.151
  0.151
  0.151
  0.151
  0.151
  0.151
  0.151
  0.151
  0.151
  0.151
  0.151
  0.151
  0.151
  0.151
  0.151
  0.151
  0.151
  0.151
  0.151
  0.151
  0.151
  0.151
  0.151
  0.151
  0.151
  0.151
  0.151
  0.151
  0.151
  0.151
  0.151
  0.151
  0.151
  0.151
  0.150
  0.150
  0.150
  0.150
  0.150
  0.150
  0.150
  0.150
  0.150
  0.151
  0.151
  0.151
  0.152
  0.152
  0.153
  0.153
  0.154
  0.155
  0.156
  0.157
  0.158
  0.159
  0.160
  0.161
  0.163
  0.164
  0.165
  0.166
  0.167
  0.169
  0.170
  0.171
  0.172
  0.173
  0.174
  0.175
  0.176
  0.177
  0.178
  0.179
  0.180
  0.182
  0.183
  0.184
  0.184
  0.185
  0.186
  0.187
  0.188
  0.189
  0.190
  0.191
  0.192
  0.194
  0.195
  0.196
  0.198
  0.199
  0.201
  0.203
  0.204
  0.206
  0.208
  0.210
  0.211
  0.213
  0.215
  0.216
  0.218
  0.219
  0.220
  0.221
  0.222
  0.223
  0.223
  0.224
  0.224
  0.224
  0.224
  0.225
  0.225
  0.225
  0.225
  0.225
  0.225
  0.225
  0.225
  0.225
  0.225
  0.225
  0.225
  0.225
  0.225
  0.225
  0.225
  0.225
  0.225
  0.225
  0.225
  0.225
  0.225
  0.225
  0.225
  0.225
  0.224
  0.224
  0.223
  0.222
  0.221
  0.220
  0.219
  0.217
  0.215
  0.214
  0.211
  0.209
  0.207
  0.205
  0.202
  0.200
  0.198
  0.195
  0.193
  0.191
  0.189
  0.186
  0.184
  0.183
  0.181
  0.179
  0.178
  0.176
  0.175
  0.174
  0.173
  0.172
  0.172
  0.171
  0.171
  0.171
  0.171
  0.172
  0.172
  0.173
  0.174
  0.174
  0.175
  0.177
  0.178
  0.179
  0.180
  0.181
  0.182
  0.183
  0.184
  0.184
  0.185
  0.186
  0.186
  0.187
  0.187
  0.187
  0.187
  0.188
  0.188
  0.188
  0.188
  0.188
  0.188
  0.188
  0.188
  0.188
  0.188
  0.188
  0.188
  0.188
  0.188
  0.188
  0.188
  0.188
  0.188
  0.188
  0.187
  0.187
  0.187
  0.187
  0.187
  0.186
  0.186
  0.185
  0.185
  0.184
  0.183
  0.183
  0.182
  0.181
  0.180
  0.179
  0.179
  0.178
  0.177
  0.177
  0.176
  0.176
  0.176
  0.175
  0.175
  0.176
  0.176
  0.176
  0.176
  0.176
  0.177
  0.177
  0.177
  0.177
  0.177
  0.176
  0.176
  0.176
  0.175
  0.175
  0.174
  0.174
  0.173
  0.173
  0.172
  0.172
  0.171
  0.171
  0.171
  0.170
  0.170
  0.170
  0.170
  0.170
  0.170
  0.170
  0.170
  0.170
  0.170
  0.170
  0.170
  0.170
  0.170
  0.170
  0.170
  0.169
  0.169
  0.169
  0.169
  0.169
  0.169
  0.169
  0.169
  0.169
  0.168
  0.168
  0.168
  0.168
  0.168
  0.168
  0.168
  0.168
  0.168
  0.168
  0.168
  0.168
  0.168
  0.168
  0.169
  0.169
  0.169
  0.169
  0.170
  0.170
  0.170
  0.170
  0.171
  0.171
  0.171
  0.171
  0.171
  0.172
  0.172
  0.173
  0.173
  0.173
  0.172
  0.170
  0.167
  0.164
  0.161
  0.157
  0.154
  0.151
  0.149
  0.146
  0.143
  0.140
  0.137
  0.135
  0.132
  0.129
  0.126
  0.123
  0.120
  0.117
  0.114
  0.112
  0.109
  0.106
  0.103
  0.100
  0.097
  0.094
  0.092
  0.089
  0.086
  0.083
  0.080
  0.077
  0.074
  0.072
  0.069
  0.066
  0.063
  0.060
  0.057
  0.054
  0.052
  0.049
  0.046
  0.043
  0.040
  0.037
  0.034
  0.031
  0.029
  0.026
  0.023
  0.020
  0.017
  0.014
  0.011
  0.009
  0.006
  0.003
