  0.000
  0.002
  0.003
  0.004
  0.005
  0.005
  0.005
  0.005
  0.005
  0.005
  0.005
  0.004
  0.004
  0.004
  0.003
  0.003
  0.003
  0.003
  0.002
  0.002
  0.002
  0.002
  0.002
  0.002
  0.002
  0.003
  0.003
  0.003
  0.004
  0.004
  0.005
  0.006
  0.007
  0.007
  0.008
  0.010
  0.011
  0.012
  0.013
  0.015
  0.016
  0.018
  0.019
  0.021
  0.022
  0.024
  0.025
  0.026
  0.027
  0.028
  0.028
  0.029
  0.029
  0.029
  0.029
  0.029
  0.029
  0.029
  0.029
  0.029
  0.029
  0.028
  0.028
  0.029
  0.029
  0.029
  0.030
  0.030
  0.031
  0.032
  0.033
  0.033
  0.034
  0.035
  0.035
  0.035
  0.035
  0.035
  0.035
  0.034
  0.033
  0.031
  0.030
  0.028
  0.027
  0.027
  0.027
  0.028
  0.031
  0.036
  0.044
  0.056
  0.071
  0.092
  0.118
  0.151
  0.191
  0.239
  0.295
  0.359
  0.434
  0.518
  0.612
  0.715
  0.829
  0.951
  1.083
  1.224
  1.371
  1.524
  1.683
  1.845
  2.010
  2.176
  2.340
  2.503
  2.661
  2.814
  2.961
  3.101
  3.233
  3.355
  3.468
  3.571
  3.665
  3.750
  3.824
  3.890
  3.947
  3.995
  4.036
  4.069
  4.096
  4.117
  4.133
  4.144
  4.151
  4.154
  4.155
  4.153
  4.149
  4.144
  4.138
  4.130
  4.122
  4.114
  4.106
  4.097
  4.088
  4.079
  4.070
  4.061
  4.052
  4.043
  4.033
  4.023
  4.013
  4.003
  3.992
  3.980
  3.968
  3.955
  3.942
  3.928
  3.913
  3.898
  3.882
  3.864
  3.846
  3.827
  3.808
  3.787
  3.766
  3.744
  3.721
  3.698
  3.674
  3.650
  3.626
  3.601
  3.575
  3.550
  3.524
  3.498
  3.472
  3.446
  3.419
  3.392
  3.365
  3.338
  3.310
  3.283
  3.255
  3.227
  3.200
  3.172
  3.145
  3.118
  3.091
  3.064
  3.038
  3.013
  2.987
  2.963
  2.938
  2.915
  2.891
  2.868
  2.845
  2.823
  2.801
  2.779
  2.758
  2.736
  2.716
  2.695
  2.675
  2.656
  2.637
  2.618
  2.600
  2.583
  2.566
  2.550
  2.534
  2.519
  2.505
  2.492
  2.479
  2.467
  2.455
  2.444
  2.433
  2.423
  2.413
  2.404
  2.394
  2.385
  2.376
  2.368
  2.359
  2.350
  2.341
  2.332
  2.323
  2.314
  2.304
  2.294
  2.284
  2.274
  2.263
  2.252
  2.241
  2.230
  2.219
  2.207
  2.195
  2.183
  2.171
  2.158
  2.146
  2.134
  2.121
  2.110
  2.098
  2.087
  2.076
  2.065
  2.055
  2.046
  2.038
  2.030
  2.023
  2.017
  2.012
  2.008
  2.004
  2.001
  1.998
  1.996
  1.993
  1.991
  1.989
  1.987
  1.985
  1.982
  1.978
  1.974
  1.970
  1.964
  1.959
  1.953
  1.946
  1.939
  1.932
  1.924
  1.916
  1.907
  1.898
  1.888
  1.878
  1.867
  1.856
  1.845
  1.833
  1.821
  1.808
  1.795
  1.782
  1.769
  1.756
  1.743
  1.730
  1.717
  1.704
  1.691
  1.678
  1.666
  1.653
  1.640
  1.627
  1.613
  1.599
  1.586
  1.572
  1.558
  1.544
  1.531
  1.518
  1.506
  1.495
  1.484
  1.475
  1.466
  1.459
  1.453
  1.447
  1.443
  1.440
  1.438
  1.436
  1.435
  1.434
  1.433
  1.433
  1.432
  1.432
  1.431
  1.430
  1.429
  1.428
  1.426
  1.423
  1.421
  1.418
  1.414
  1.411
  1.407
  1.402
  1.398
  1.393
  1.388
  1.383
  1.378
  1.373
  1.367
  1.362
  1.356
  1.350
  1.344
  1.338
  1.332
  1.326
  1.320
  1.314
  1.308
  1.302
  1.297
  1.291
  1.285
  1.280
  1.275
  1.269
  1.264
  1.259
  1.254
  1.248
  1.243
  1.238
  1.233
  1.228
  1.222
  1.217
  1.211
  1.205
  1.200
  1.194
  1.188
  1.182
  1.176
  1.170
  1.164
  1.158
  1.153
  1.148
  1.143
  1.138
  1.134
  1.130
  1.127
  1.124
  1.122
  1.120
  1.118
  1.117
  1.117
  1.117
  1.117
  1.118
  1.119
  1.120
  1.122
  1.124
  1.126
  1.128
  1.130
  1.132
  1.134
  1.136
  1.138
  1.139
  1.140
  1.141
  1.142
  1.142
  1.142
  1.142
  1.142
  1.141
  1.141
  1.140
  1.139
  1.137
  1.136
  1.134
  1.133
  1.131
  1.129
  1.127
  1.124
  1.122
  1.119
  1.116
  1.112
  1.109
  1.105
  1.101
  1.097
  1.092
  1.087
  1.083
  1.077
  1.072
  1.067
  1.062
  1.057
  1.051
  1.046
  1.041
  1.036
  1.031
  1.026
  1.021
  1.016
  1.012
  1.007
  1.002
  0.997
  0.993
  0.988
  0.983
  0.979
  0.974
  0.970
  0.966
  0.962
  0.958
  0.955
  0.951
  0.948
  0.946
  0.943
  0.941
  0.939
  0.937
  0.935
  0.933
  0.931
  0.929
  0.927
  0.925
  0.923
  0.921
  0.919
  0.916
  0.914
  0.912
  0.910
  0.908
  0.906
  0.905
  0.903
  0.902
  0.900
  0.899
  0.897
  0.896
  0.894
  0.892
  0.890
  0.888
  0.886
  0.884
  0.881
  0.879
  0.877
  0.875
  0.873
  0.871
  0.869
  0.868
  0.867
  0.866
  0.866
  0.865
  0.865
  0.865
  0.865
  0.865
  0.865
  0.865
  0.864
  0.864
  0.863
  0.862
  0.862
  0.860
  0.859
  0.857
  0.856
  0.854
  0.852
  0.851
  0.849
  0.847
  0.845
  0.844
  0.843
  0.841
  0.840
  0.840
  0.839
  0.839
  0.839
  0.839
  0.840
  0.841
  0.842
  0.843
  0.845
  0.847
  0.849
  0.851
  0.853
  0.855
  0.857
  0.859
  0.861
  0.863
  0.864
  0.864
  0.864
  0.864
  0.862
  0.860
  0.858
  0.854
  0.850
  0.845
  0.839
  0.833
  0.826
  0.819
  0.812
  0.804
  0.797
  0.789
  0.782
  0.774
  0.767
  0.761
  0.755
  0.749
  0.744
  0.740
  0.737
  0.733
  0.731
  0.729
  0.728
  0.727
  0.726
  0.726
  0.727
  0.727
  0.728
  0.729
  0.730
  0.732
  0.733
  0.735
  0.736
  0.737
  0.739
  0.740
  0.741
  0.742
  0.743
  0.743
  0.743
  0.743
  0.742
  0.741
  0.740
  0.738
  0.736
  0.734
  0.731
  0.728
  0.725
  0.722
  0.718
  0.714
  0.711
  0.707
  0.704
  0.700
  0.697
  0.694
  0.691
  0.688
  0.686
  0.684
  0.682
  0.680
  0.679
  0.678
  0.677
  0.676
  0.675
  0.675
  0.674
  0.674
  0.673
  0.673
  0.672
  0.672
  0.671
  0.670
  0.670
  0.669
  0.668
  0.667
  0.666
  0.665
  0.663
  0.662
  0.660
  0.658
  0.655
  0.653
  0.650
  0.647
  0.644
  0.640
  0.637
  0.634
  0.630
  0.627
  0.624
  0.621
  0.618
  0.616
  0.614
  0.612
  0.611
  0.610
  0.610
  0.610
  0.611
  0.612
  0.613
  0.614
  0.615
  0.617
  0.618
  0.620
  0.621
  0.622
  0.623
  0.623
  0.623
  0.622
  0.621
  0.620
  0.618
  0.616
  0.613
  0.611
  0.607
  0.604
  0.601
  0.597
  0.594
  0.591
  0.587
  0.584
  0.582
  0.579
  0.577
  0.575
  0.574
  0.572
  0.571
  0.570
  0.570
  0.569
  0.568
  0.568
  0.567
  0.567
  0.566
  0.565
  0.565
  0.564
  0.563
  0.562
  0.562
  0.561
  0.560
  0.559
  0.558
  0.557
  0.557
  0.556
  0.556
  0.555
  0.555
  0.555
  0.555
  0.555
  0.555
  0.555
  0.555
  0.555
  0.555
  0.555
  0.555
  0.555
  0.554
  0.553
  0.552
  0.551
  0.550
  0.548
  0.546
  0.544
  0.541
  0.539
  0.536
  0.534
  0.531
  0.528
  0.525
  0.523
  0.520
  0.517
  0.515
  0.513
  0.511
  0.509
  0.507
  0.505
  0.503
  0.502
  0.500
  0.499
  0.498
  0.497
  0.496
  0.495
  0.494
  0.494
  0.493
  0.493
  0.492
  0.492
  0.492
  0.492
  0.492
  0.492
  0.492
  0.492
  0.493
  0.493
  0.493
  0.494
  0.494
  0.494
  0.495
  0.495
  0.496
  0.496
  0.497
  0.497
  0.498
  0.498
  0.498
  0.499
  0.499
  0.500
  0.500
  0.500
  0.500
  0.500
  0.501
  0.501
  0.501
  0.501
  0.502
  0.502
  0.502
  0.502
  0.503
  0.503
  0.503
  0.503
  0.503
  0.503
  0.503
  0.503
  0.503
  0.503
  0.502
  0.501
  0.501
  0.500
  0.499
  0.498
  0.497
  0.496
  0.494
  0.493
  0.492
  0.491
  0.490
  0.489
  0.488
  0.487
  0.486
  0.485
  0.484
  0.483
  0.482
  0.482
  0.481
  0.480
  0.480
  0.480
  0.479
  0.479
  0.479
  0.478
  0.478
  0.478
  0.477
  0.477
  0.476
  0.475
  0.474
  0.473
  0.472
  0.471
  0.469
  0.468
  0.466
  0.464
  0.463
  0.461
  0.459
  0.457
  0.455
  0.453
  0.451
  0.449
  0.447
  0.445
  0.443
  0.441
  0.439
  0.438
  0.436
  0.435
  0.434
  0.433
  0.432
  0.432
  0.431
  0.431
  0.431
  0.431
  0.431
  0.431
  0.431
  0.431
  0.432
  0.432
  0.432
  0.432
  0.432
  0.431
  0.431
  0.430
  0.430
  0.429
  0.428
  0.427
  0.427
  0.426
  0.425
  0.425
  0.424
  0.424
  0.424
  0.424
  0.424
  0.423
  0.423
  0.423
  0.424
  0.424
  0.424
  0.424
  0.424
  0.424
  0.424
  0.424
  0.424
  0.424
  0.423
  0.423
  0.423
  0.422
  0.422
  0.421
  0.421
  0.420
  0.420
  0.419
  0.418
  0.418
  0.417
  0.417
  0.416
  0.416
  0.415
  0.415
  0.414
  0.414
  0.413
  0.412
  0.411
  0.410
  0.409
  0.408
  0.406
  0.405
  0.403
  0.401
  0.399
  0.398
  0.396
  0.394
  0.392
  0.390
  0.389
  0.387
  0.385
  0.384
  0.383
  0.381
  0.380
  0.379
  0.378
  0.377
  0.376
  0.375
  0.374
  0.374
  0.373
  0.373
  0.372
  0.372
  0.372
  0.371
  0.371
  0.371
  0.371
  0.371
  0.371
  0.371
  0.370
  0.370
  0.370
  0.370
  0.370
  0.369
  0.369
  0.369
  0.368
  0.368
  0.368
  0.367
  0.367
  0.367
  0.367
  0.366
  0.366
  0.366
  0.366
  0.366
  0.365
  0.365
  0.365
  0.365
  0.364
  0.364
  0.363
  0.363
  0.362
  0.362
  0.361
  0.360
  0.360
  0.359
  0.358
  0.357
  0.357
  0.356
  0.355
  0.355
  0.354
  0.354
  0.353
  0.353
  0.353
  0.353
  0.353
  0.354
  0.354
  0.354
  0.354
  0.355
  0.355
  0.356
  0.356
  0.357
  0.357
  0.357
  0.358
  0.358
  0.359
  0.359
  0.360
  0.360
  0.361
  0.361
  0.362
  0.362
  0.363
  0.363
  0.364
  0.364
  0.364
  0.364
  0.364
  0.364
  0.363
  0.363
  0.362
  0.362
  0.361
  0.360
  0.359
  0.358
  0.357
  0.356
  0.355
  0.354
  0.353
  0.353
  0.352
  0.352
  0.351
  0.351
  0.351
  0.351
  0.351
  0.351
  0.351
  0.351
  0.352
  0.352
  0.352
  0.352
  0.352
  0.352
  0.352
  0.352
  0.352
  0.352
  0.351
  0.351
  0.350
  0.350
  0.349
  0.348
  0.347
  0.346
  0.346
  0.345
  0.344
  0.343
  0.342
  0.341
  0.340
  0.339
  0.339
  0.338
  0.337
  0.337
  0.336
  0.336
  0.336
  0.335
  0.335
  0.335
  0.335
  0.335
  0.335
  0.335
  0.335
  0.335
  0.335
  0.335
  0.335
  0.335
  0.335
  0.335
  0.335
  0.334
  0.334
  0.334
  0.333
  0.333
  0.332
  0.331
  0.331
  0.330
  0.329
  0.328
  0.327
  0.326
  0.325
  0.324
  0.324
  0.322
  0.321
  0.320
  0.319
  0.318
  0.317
  0.316
  0.315
  0.313
  0.312
  0.311
  0.309
  0.308
  0.306
  0.305
  0.303
  0.302
  0.300
  0.299
  0.297
  0.296
  0.295
  0.294
  0.293
  0.292
  0.291
  0.290
  0.290
  0.289
  0.289
  0.288
  0.288
  0.288
  0.288
  0.289
  0.289
  0.289
  0.290
  0.291
  0.292
  0.292
  0.294
  0.295
  0.296
  0.297
  0.299
  0.300
  0.301
  0.302
  0.303
  0.304
  0.305
  0.306
  0.306
  0.307
  0.307
  0.307
  0.306
  0.306
  0.305
  0.304
  0.303
  0.302
  0.300
  0.299
  0.297
  0.295
  0.292
  0.290
  0.287
  0.285
  0.282
  0.279
  0.276
  0.273
  0.270
  0.268
  0.265
  0.262
  0.259
  0.257
  0.254
  0.252
  0.250
  0.248
  0.247
  0.245
  0.244
  0.243
  0.243
  0.243
  0.243
  0.243
  0.244
  0.245
  0.246
  0.248
  0.250
  0.252
  0.254
  0.256
  0.258
  0.261
  0.263
  0.266
  0.268
  0.270
  0.272
  0.274
  0.276
  0.278
  0.280
  0.281
  0.282
  0.284
  0.285
  0.286
  0.286
  0.287
  0.288
  0.288
  0.288
  0.288
  0.288
  0.289
  0.288
  0.288
  0.288
  0.288
  0.288
  0.288
  0.287
  0.287
  0.287
  0.287
  0.287
  0.287
  0.287
  0.286
  0.286
  0.286
  0.286
  0.286
  0.286
  0.286
  0.285
  0.285
  0.285
  0.285
  0.285
  0.284
  0.284
  0.284
  0.284
  0.283
  0.283
  0.282
  0.282
  0.281
  0.280
  0.280
  0.279
  0.278
  0.277
  0.276
  0.275
  0.274
  0.273
  0.272
  0.271
  0.270
  0.270
  0.269
  0.268
  0.268
  0.268
  0.267
  0.267
  0.267
  0.267
  0.266
  0.266
  0.266
  0.266
  0.266
  0.266
  0.265
  0.265
  0.264
  0.264
  0.263
  0.263
  0.262
  0.261
  0.260
  0.259
  0.259
  0.258
  0.257
  0.256
  0.255
  0.254
  0.253
  0.253
  0.252
  0.251
  0.251
  0.250
  0.249
  0.249
  0.249
  0.249
  0.248
  0.248
  0.248
  0.248
  0.247
  0.247
  0.246
  0.246
  0.245
  0.244
  0.243
  0.242
  0.241
  0.240
  0.239
  0.237
  0.236
  0.235
  0.233
  0.232
  0.230
  0.229
  0.228
  0.226
  0.225
  0.224
  0.223
  0.221
  0.220
  0.219
  0.218
  0.217
  0.215
  0.214
  0.213
  0.212
  0.210
  0.209
  0.208
  0.207
  0.206
  0.204
  0.203
  0.202
  0.201
  0.200
  0.199
  0.198
  0.198
  0.197
  0.196
  0.196
  0.195
  0.195
  0.195
  0.195
  0.195
  0.195
  0.195
  0.195
  0.195
  0.196
  0.197
  0.197
  0.198
  0.199
  0.200
  0.202
  0.203
  0.204
  0.206
  0.207
  0.208
  0.210
  0.211
  0.213
  0.214
  0.216
  0.217
  0.218
  0.220
  0.221
  0.222
  0.224
  0.225
  0.226
  0.227
  0.228
  0.229
  0.230
  0.231
  0.233
  0.234
  0.234
  0.235
  0.236
  0.237
  0.238
  0.239
  0.239
  0.240
  0.240
  0.241
  0.241
  0.241
  0.241
  0.242
  0.242
  0.242
  0.242
  0.242
  0.242
  0.242
  0.242
  0.242
  0.242
  0.242
  0.243
  0.243
  0.243
  0.243
  0.243
  0.243
  0.243
  0.243
  0.243
  0.243
  0.243
  0.243
  0.243
  0.243
  0.243
  0.243
  0.243
  0.243
  0.242
  0.242
  0.242
  0.242
  0.242
  0.242
  0.242
  0.243
  0.243
  0.243
  0.244
  0.245
  0.245
  0.246
  0.247
  0.248
  0.248
  0.249
  0.249
  0.250
  0.250
  0.250
  0.250
  0.250
  0.249
  0.249
  0.248
  0.247
  0.246
  0.245
  0.244
  0.243
  0.242
  0.241
  0.240
  0.239
  0.237
  0.236
  0.235
  0.234
  0.233
  0.232
  0.231
  0.230
  0.230
  0.229
  0.228
  0.227
  0.226
  0.226
  0.225
  0.224
  0.223
  0.223
  0.222
  0.221
  0.220
  0.220
  0.219
  0.218
  0.217
  0.216
  0.215
  0.214
  0.213
  0.212
  0.211
  0.210
  0.209
  0.208
  0.207
  0.206
  0.205
  0.204
  0.204
  0.203
  0.203
  0.202
  0.202
  0.201
  0.201
  0.201
  0.201
  0.200
  0.200
  0.200
  0.200
  0.201
  0.201
  0.201
  0.201
  0.201
  0.201
  0.201
  0.202
  0.202
  0.202
  0.202
  0.202
  0.203
  0.203
  0.203
  0.203
  0.202
  0.202
  0.202
  0.202
  0.201
  0.201
  0.200
  0.200
  0.199
  0.198
  0.197
  0.197
  0.196
  0.195
  0.195
  0.194
  0.194
  0.194
  0.193
  0.193
  0.193
  0.194
  0.194
  0.194
  0.195
  0.195
  0.196
  0.196
  0.197
  0.197
  0.197
  0.198
  0.198
  0.199
  0.199
  0.199
  0.199
  0.200
  0.200
  0.200
  0.200
  0.200
  0.200
  0.200
  0.200
  0.199
  0.199
  0.199
  0.199
  0.199
  0.199
  0.199
  0.199
  0.199
  0.199
  0.199
  0.199
  0.199
  0.199
  0.199
  0.199
  0.199
  0.200
  0.200
  0.200
  0.200
  0.200
  0.200
  0.199
  0.199
  0.199
  0.199
  0.199
  0.199
  0.199
  0.199
  0.198
  0.198
  0.198
  0.198
  0.197
  0.197
  0.197
  0.196
  0.196
  0.195
  0.195
  0.194
  0.194
  0.193
  0.192
  0.192
  0.191
  0.191
  0.190
  0.190
  0.189
  0.189
  0.189
  0.189
  0.189
  0.189
  0.190
  0.190
  0.190
  0.191
  0.191
  0.192
  0.192
  0.193
  0.193
  0.194
  0.194
  0.195
  0.195
  0.196
  0.196
  0.197
  0.198
  0.198
  0.199
  0.199
  0.200
  0.201
  0.201
  0.202
  0.203
  0.203
  0.204
  0.205
  0.205
  0.206
  0.206
  0.206
  0.207
  0.207
  0.207
  0.207
  0.207
  0.207
  0.207
  0.207
  0.206
  0.206
  0.205
  0.204
  0.203
  0.202
  0.201
  0.199
  0.198
  0.196
  0.194
  0.193
  0.191
  0.189
  0.187
  0.186
  0.184
  0.182
  0.181
  0.180
  0.179
  0.178
  0.177
  0.176
  0.176
  0.176
  0.176
  0.176
  0.177
  0.177
  0.178
  0.179
  0.179
  0.180
  0.181
  0.182
  0.183
  0.184
  0.185
  0.186
  0.186
  0.187
  0.187
  0.188
  0.188
  0.188
  0.188
  0.188
  0.188
  0.188
  0.188
  0.188
  0.188
  0.188
  0.188
  0.187
  0.187
  0.187
  0.187
  0.187
  0.187
  0.187
  0.187
  0.187
  0.186
  0.186
  0.186
  0.186
  0.186
  0.186
  0.186
  0.186
  0.186
  0.185
  0.185
  0.185
  0.184
  0.184
  0.184
  0.183
  0.183
  0.182
  0.182
  0.181
  0.181
  0.180
  0.180
  0.179
  0.179
  0.178
  0.178
  0.177
  0.177
  0.176
  0.175
  0.175
  0.174
  0.174
  0.173
  0.172
  0.171
  0.171
  0.170
  0.169
  0.168
  0.168
  0.167
  0.166
  0.166
  0.165
  0.165
  0.165
  0.165
  0.164
  0.164
  0.165
  0.165
  0.165
  0.165
  0.166
  0.166
  0.166
  0.167
  0.167
  0.167
  0.168
  0.168
  0.168
  0.168
  0.168
  0.168
  0.167
  0.167
  0.167
  0.167
  0.166
  0.166
  0.165
  0.165
  0.165
  0.164
  0.164
  0.164
  0.163
  0.163
  0.162
  0.162
  0.162
  0.161
  0.161
  0.161
  0.160
  0.160
  0.160
  0.159
  0.159
  0.159
  0.159
  0.159
  0.160
  0.160
  0.160
  0.159
  0.157
  0.155
  0.152
  0.149
  0.146
  0.143
  0.140
  0.137
  0.135
  0.132
  0.130
  0.127
  0.125
  0.122
  0.119
  0.117
  0.114
  0.111
  0.109
  0.106
  0.103
  0.101
  0.098
  0.095
  0.093
  0.090
  0.087
  0.085
  0.082
  0.079
  0.077
  0.074
  0.072
  0.069
  0.066
  0.064
  0.061
  0.058
  0.056
  0.053
  0.050
  0.048
  0.045
  0.042
  0.040
  0.037
  0.034
  0.032
  0.029
  0.026
  0.024
  0.021
  0.019
  0.016
  0.013
  0.011
  0.008
  0.005
  0.003
