  0.000
  0.000
  0.000
  0.000
  0.000
  0.000
  0.000
  0.000
  0.000
  0.000
  0.000
  0.000
  0.000
  0.000
  0.000
  0.000
  0.000
  0.000
  0.000
  0.000
  0.000
  0.000
  0.000
  0.000
  0.000
  0.000
  0.000
  0.000
  0.000
  0.000
  0.000
  0.000
  0.000
  0.000
  0.000
  0.000
  0.000
  0.000
  0.000
  0.000
  0.000
  0.000
  0.000
  0.000
  0.000
  0.000
  0.000
  0.000
  0.000
  0.000
  0.000
  0.000
  0.000
  0.001
  0.001
  0.001
  0.002
  0.002
  0.002
  0.003
  0.003
  0.004
  0.004
  0.004
  0.005
  0.005
  0.005
  0.004
  0.003
  0.002
  0.001
  0.000
  0.000
  0.000
  0.000
  0.000
  0.000
  0.000
  0.000
  0.000
  0.000
  0.000
  0.000
  0.000
  0.000
  0.000
  0.000
  0.000
  0.000
  0.000
  0.000
  0.010
  0.045
  0.089
  0.143
  0.208
  0.286
  0.378
  0.484
  0.605
  0.743
  0.899
  1.074
  1.267
  1.480
  1.714
  1.968
  2.244
  2.540
  2.858
  3.196
  3.554
  3.932
  4.328
  4.742
  5.171
  5.615
  6.072
  6.539
  7.013
  7.493
  7.976
  8.459
  8.939
  9.412
  9.875
 10.326
 10.760
 11.175
 11.568
 11.937
 12.278
 12.591
 12.874
 13.128
 13.350
 13.542
 13.705
 13.840
 13.949
 14.035
 14.099
 14.145
 14.174
 14.190
 14.194
 14.191
 14.181
 14.165
 14.147
 14.127
 14.106
 14.086
 14.066
 14.048
 14.032
 14.017
 14.005
 13.994
 13.986
 13.979
 13.975
 13.972
 13.970
 13.971
 13.972
 13.974
 13.978
 13.983
 13.988
 13.994
 14.001
 14.008
 14.015
 14.022
 14.029
 14.035
 14.040
 14.044
 14.045
 14.044
 14.039
 14.031
 14.017
 13.998
 13.973
 13.940
 13.900
 13.852
 13.796
 13.732
 13.660
 13.579
 13.492
 13.398
 13.298
 13.194
 13.086
 12.975
 12.862
 12.750
 12.638
 12.527
 12.419
 12.313
 12.210
 12.110
 12.014
 11.922
 11.832
 11.746
 11.663
 11.582
 11.504
 11.428
 11.354
 11.282
 11.211
 11.142
 11.074
 11.008
 10.943
 10.879
 10.816
 10.754
 10.693
 10.632
 10.572
 10.512
 10.452
 10.392
 10.333
 10.273
 10.214
 10.155
 10.096
 10.038
  9.980
  9.923
  9.867
  9.810
  9.755
  9.700
  9.644
  9.588
  9.532
  9.474
  9.416
  9.356
  9.294
  9.231
  9.166
  9.100
  9.033
  8.964
  8.896
  8.828
  8.759
  8.692
  8.625
  8.560
  8.496
  8.435
  8.375
  8.316
  8.260
  8.205
  8.152
  8.100
  8.049
  7.999
  7.949
  7.899
  7.848
  7.795
  7.741
  7.685
  7.627
  7.566
  7.503
  7.438
  7.371
  7.302
  7.232
  7.161
  7.090
  7.020
  6.950
  6.881
  6.814
  6.749
  6.686
  6.626
  6.568
  6.514
  6.462
  6.412
  6.366
  6.321
  6.278
  6.236
  6.195
  6.154
  6.113
  6.070
  6.027
  5.981
  5.934
  5.885
  5.834
  5.781
  5.726
  5.670
  5.612
  5.554
  5.496
  5.438
  5.380
  5.323
  5.267
  5.212
  5.159
  5.108
  5.060
  5.014
  4.971
  4.931
  4.894
  4.860
  4.830
  4.802
  4.778
  4.756
  4.736
  4.717
  4.700
  4.684
  4.668
  4.651
  4.634
  4.616
  4.597
  4.575
  4.552
  4.528
  4.501
  4.472
  4.441
  4.408
  4.373
  4.337
  4.299
  4.261
  4.222
  4.183
  4.146
  4.110
  4.076
  4.045
  4.017
  3.992
  3.972
  3.955
  3.942
  3.932
  3.926
  3.922
  3.919
  3.919
  3.919
  3.919
  3.919
  3.918
  3.916
  3.913
  3.908
  3.901
  3.892
  3.881
  3.868
  3.854
  3.839
  3.823
  3.806
  3.789
  3.773
  3.757
  3.742
  3.729
  3.716
  3.705
  3.695
  3.686
  3.677
  3.669
  3.660
  3.651
  3.640
  3.628
  3.615
  3.600
  3.583
  3.565
  3.545
  3.524
  3.501
  3.479
  3.455
  3.432
  3.409
  3.386
  3.364
  3.342
  3.321
  3.301
  3.281
  3.261
  3.241
  3.221
  3.200
  3.179
  3.156
  3.133
  3.109
  3.084
  3.058
  3.031
  3.004
  2.976
  2.948
  2.920
  2.894
  2.868
  2.844
  2.821
  2.801
  2.783
  2.768
  2.756
  2.746
  2.740
  2.735
  2.733
  2.732
  2.732
  2.733
  2.734
  2.734
  2.734
  2.732
  2.729
  2.724
  2.718
  2.711
  2.702
  2.694
  2.685
  2.677
  2.670
  2.663
  2.659
  2.656
  2.654
  2.654
  2.654
  2.654
  2.653
  2.651
  2.647
  2.640
  2.630
  2.616
  2.598
  2.577
  2.552
  2.524
  2.493
  2.459
  2.425
  2.389
  2.354
  2.320
  2.287
  2.257
  2.229
  2.204
  2.183
  2.164
  2.150
  2.138
  2.129
  2.123
  2.119
  2.117
  2.117
  2.117
  2.117
  2.118
  2.118
  2.117
  2.116
  2.113
  2.108
  2.103
  2.096
  2.088
  2.078
  2.068
  2.058
  2.046
  2.035
  2.024
  2.013
  2.003
  1.993
  1.983
  1.975
  1.967
  1.960
  1.954
  1.949
  1.944
  1.939
  1.935
  1.932
  1.928
  1.924
  1.921
  1.916
  1.912
  1.906
  1.900
  1.892
  1.884
  1.875
  1.864
  1.852
  1.839
  1.826
  1.811
  1.796
  1.780
  1.764
  1.748
  1.731
  1.715
  1.699
  1.684
  1.668
  1.653
  1.639
  1.624
  1.610
  1.597
  1.583
  1.570
  1.557
  1.545
  1.533
  1.520
  1.508
  1.497
  1.485
  1.473
  1.461
  1.450
  1.438
  1.426
  1.414
  1.402
  1.391
  1.379
  1.367
  1.355
  1.344
  1.332
  1.321
  1.310
  1.299
  1.288
  1.278
  1.268
  1.258
  1.249
  1.240
  1.231
  1.223
  1.215
  1.208
  1.200
  1.194
  1.187
  1.181
  1.176
  1.170
  1.165
  1.160
  1.155
  1.150
  1.145
  1.140
  1.136
  1.131
  1.126
  1.122
  1.117
  1.113
  1.108
  1.104
  1.099
  1.095
  1.090
  1.086
  1.082
  1.078
  1.074
  1.070
  1.066
  1.062
  1.058
  1.053
  1.049
  1.044
  1.039
  1.034
  1.029
  1.023
  1.017
  1.011
  1.005
  0.998
  0.992
  0.986
  0.979
  0.973
  0.967
  0.960
  0.954
  0.949
  0.943
  0.938
  0.932
  0.927
  0.922
  0.918
  0.913
  0.909
  0.905
  0.901
  0.897
  0.893
  0.890
  0.886
  0.883
  0.880
  0.877
  0.874
  0.871
  0.868
  0.866
  0.863
  0.860
  0.857
  0.854
  0.851
  0.848
  0.845
  0.842
  0.838
  0.835
  0.832
  0.828
  0.825
  0.822
  0.819
  0.816
  0.814
  0.812
  0.811
  0.810
  0.809
  0.809
  0.809
  0.810
  0.811
  0.812
  0.814
  0.816
  0.817
  0.819
  0.821
  0.823
  0.824
  0.825
  0.826
  0.827
  0.826
  0.825
  0.824
  0.822
  0.820
  0.817
  0.814
  0.810
  0.806
  0.802
  0.798
  0.793
  0.789
  0.784
  0.780
  0.775
  0.771
  0.768
  0.764
  0.761
  0.758
  0.755
  0.753
  0.751
  0.749
  0.747
  0.746
  0.744
  0.743
  0.743
  0.742
  0.741
  0.741
  0.741
  0.741
  0.741
  0.740
  0.740
  0.740
  0.740
  0.740
  0.739
  0.739
  0.738
  0.737
  0.736
  0.734
  0.732
  0.730
  0.728
  0.725
  0.722
  0.719
  0.716
  0.713
  0.709
  0.706
  0.703
  0.700
  0.697
  0.694
  0.691
  0.689
  0.687
  0.684
  0.682
  0.680
  0.678
  0.676
  0.674
  0.672
  0.670
  0.669
  0.667
  0.665
  0.663
  0.661
  0.659
  0.657
  0.655
  0.653
  0.650
  0.648
  0.645
  0.642
  0.639
  0.636
  0.633
  0.630
  0.627
  0.624
  0.621
  0.617
  0.614
  0.611
  0.607
  0.604
  0.600
  0.597
  0.593
  0.589
  0.584
  0.580
  0.575
  0.570
  0.565
  0.560
  0.555
  0.550
  0.544
  0.539
  0.534
  0.529
  0.524
  0.519
  0.515
  0.511
  0.507
  0.503
  0.500
  0.498
  0.495
  0.493
  0.491
  0.489
  0.488
  0.486
  0.485
  0.484
  0.482
  0.481
  0.479
  0.477
  0.475
  0.473
  0.470
  0.468
  0.465
  0.462
  0.459
  0.456
  0.453
  0.450
  0.447
  0.444
  0.441
  0.439
  0.436
  0.434
  0.432
  0.431
  0.429
  0.428
  0.427
  0.427
  0.426
  0.425
  0.425
  0.425
  0.424
  0.424
  0.424
  0.423
  0.423
  0.422
  0.422
  0.421
  0.420
  0.419
  0.418
  0.418
  0.417
  0.416
  0.415
  0.414
  0.413
  0.412
  0.412
  0.411
  0.410
  0.410
  0.409
  0.409
  0.408
  0.408
  0.408
  0.408
  0.408
  0.407
  0.407
  0.407
  0.407
  0.407
  0.407
  0.407
  0.407
  0.407
  0.408
  0.408
  0.408
  0.408
  0.408
  0.409
  0.409
  0.410
  0.410
  0.410
  0.411
  0.411
  0.412
  0.412
  0.413
  0.413
  0.414
  0.414
  0.414
  0.414
  0.413
  0.413
  0.412
  0.411
  0.410
  0.408
  0.407
  0.405
  0.403
  0.401
  0.399
  0.396
  0.394
  0.392
  0.389
  0.387
  0.385
  0.383
  0.382
  0.380
  0.379
  0.378
  0.377
  0.377
  0.377
  0.377
  0.377
  0.378
  0.378
  0.379
  0.380
  0.381
  0.383
  0.384
  0.385
  0.386
  0.387
  0.388
  0.389
  0.390
  0.390
  0.391
  0.391
  0.391
  0.391
  0.391
  0.390
  0.389
  0.388
  0.387
  0.386
  0.384
  0.383
  0.381
  0.379
  0.377
  0.375
  0.372
  0.370
  0.368
  0.365
  0.363
  0.361
  0.359
  0.357
  0.355
  0.353
  0.352
  0.350
  0.349
  0.348
  0.348
  0.347
  0.347
  0.347
  0.347
  0.348
  0.348
  0.349
  0.349
  0.350
  0.350
  0.351
  0.351
  0.352
  0.352
  0.352
  0.353
  0.352
  0.352
  0.352
  0.352
  0.351
  0.351
  0.350
  0.349
  0.349
  0.348
  0.347
  0.346
  0.345
  0.344
  0.342
  0.341
  0.339
  0.338
  0.336
  0.334
  0.332
  0.329
  0.327
  0.324
  0.321
  0.318
  0.315
  0.311
  0.308
  0.305
  0.302
  0.299
  0.296
  0.294
  0.291
  0.289
  0.287
  0.285
  0.284
  0.283
  0.282
  0.281
  0.281
  0.280
  0.280
  0.280
  0.280
  0.280
  0.280
  0.280
  0.280
  0.280
  0.280
  0.280
  0.279
  0.279
  0.278
  0.277
  0.276
  0.275
  0.274
  0.273
  0.272
  0.270
  0.268
  0.267
  0.265
  0.263
  0.261
  0.259
  0.256
  0.254
  0.251
  0.248
  0.245
  0.242
  0.239
  0.236
  0.232
  0.229
  0.225
  0.222
  0.218
  0.214
  0.211
  0.207
  0.203
  0.200
  0.196
  0.193
  0.190
  0.186
  0.183
  0.180
  0.177
  0.173
  0.170
  0.167
  0.163
  0.160
  0.156
  0.152
  0.149
  0.145
  0.141
  0.137
  0.134
  0.130
  0.127
  0.124
  0.122
  0.119
  0.117
  0.116
  0.114
  0.113
  0.112
  0.111
  0.110
  0.109
  0.108
  0.107
  0.106
  0.105
  0.104
  0.103
  0.102
  0.100
  0.099
  0.098
  0.096
  0.095
  0.093
  0.092
  0.091
  0.090
  0.089
  0.088
  0.087
  0.087
  0.086
  0.086
  0.085
  0.085
  0.085
  0.085
  0.085
  0.085
  0.085
  0.085
  0.086
  0.086
  0.086
  0.086
  0.087
  0.087
  0.087
  0.088
  0.088
  0.089
  0.089
  0.089
  0.089
  0.089
  0.090
  0.089
  0.089
  0.089
  0.088
  0.087
  0.086
  0.085
  0.083
  0.081
  0.079
  0.076
  0.073
  0.070
  0.067
  0.063
  0.059
  0.055
  0.051
  0.047
  0.043
  0.039
  0.035
  0.032
  0.028
  0.025
  0.022
  0.019
  0.016
  0.013
  0.011
  0.009
  0.007
  0.006
  0.004
  0.003
  0.002
  0.001
  0.000
  0.000
  0.000
  0.000
  0.000
  0.000
  0.000
  0.000
  0.000
  0.000
  0.000
  0.000
  0.000
  0.000
  0.000
  0.000
  0.000
  0.000
  0.000
  0.000
  0.000
  0.000
  0.000
  0.000
  0.000
  0.000
  0.000
  0.000
  0.000
  0.000
  0.000
  0.001
  0.002
  0.002
  0.003
  0.004
  0.005
  0.007
  0.008
  0.009
  0.011
  0.012
  0.013
  0.014
  0.015
  0.016
  0.017
  0.017
  0.017
  0.017
  0.017
  0.016
  0.015
  0.013
  0.011
  0.009
  0.007
  0.004
  0.002
  0.000
  0.000
  0.000
  0.000
  0.000
  0.000
  0.000
  0.000
  0.000
  0.000
  0.000
  0.000
  0.003
  0.012
  0.022
  0.034
  0.048
  0.064
  0.082
  0.102
  0.123
  0.146
  0.168
  0.191
  0.213
  0.233
  0.253
  0.270
  0.284
  0.295
  0.302
  0.306
  0.307
  0.304
  0.298
  0.288
  0.276
  0.262
  0.245
  0.228
  0.210
  0.191
  0.172
  0.153
  0.135
  0.118
  0.103
  0.088
  0.074
  0.062
  0.051
  0.042
  0.033
  0.026
  0.020
  0.015
  0.010
  0.007
  0.004
  0.002
  0.000
  0.000
  0.000
  0.000
  0.000
  0.000
  0.000
  0.000
  0.000
  0.000
  0.000
  0.000
  0.000
  0.000
  0.000
  0.000
  0.000
  0.000
  0.000
  0.000
  0.000
  0.000
  0.000
  0.000
  0.000
  0.000
  0.000
  0.000
  0.000
  0.000
  0.000
  0.000
  0.000
  0.000
  0.000
  0.000
  0.000
  0.000
  0.000
  0.000
  0.000
  0.000
  0.000
  0.000
  0.000
  0.000
  0.000
  0.000
  0.000
  0.000
  0.000
  0.000
  0.000
  0.000
  0.000
  0.000
  0.000
  0.000
  0.000
  0.000
  0.000
  0.000
  0.000
  0.000
  0.000
  0.000
  0.000
  0.000
  0.000
  0.000
  0.000
  0.000
  0.000
  0.000
  0.000
  0.000
  0.000
  0.000
  0.000
  0.000
  0.000
  0.000
  0.000
  0.000
  0.000
  0.000
  0.000
  0.000
  0.000
  0.000
  0.000
  0.000
  0.000
  0.000
  0.000
  0.000
  0.000
  0.000
  0.000
  0.000
  0.000
  0.000
  0.000
  0.000
  0.000
  0.000
  0.000
  0.000
  0.000
  0.000
  0.000
  0.000
  0.000
  0.000
  0.000
  0.000
  0.000
  0.000
  0.000
  0.000
  0.000
  0.000
  0.000
  0.000
  0.000
  0.000
  0.000
  0.000
  0.000
  0.000
  0.000
  0.000
  0.000
  0.000
  0.000
  0.000
  0.000
  0.000
  0.000
  0.000
  0.000
  0.000
  0.000
  0.000
  0.000
  0.000
  0.000
  0.000
  0.000
  0.000
  0.000
  0.000
  0.000
  0.000
  0.000
  0.000
  0.000
  0.000
  0.000
  0.000
  0.000
  0.000
  0.000
  0.000
  0.000
  0.000
  0.000
  0.000
  0.000
  0.000
  0.000
  0.000
  0.000
  0.000
  0.000
  0.000
  0.000
  0.000
  0.000
  0.000
  0.000
  0.000
  0.000
  0.000
  0.000
  0.000
  0.000
  0.000
  0.000
  0.000
  0.000
  0.000
  0.000
  0.000
  0.000
  0.000
  0.000
  0.000
  0.000
  0.000
  0.000
  0.000
  0.000
  0.000
  0.001
  0.001
  0.002
  0.003
  0.004
  0.005
  0.006
  0.007
  0.008
  0.010
  0.011
  0.013
  0.015
  0.016
  0.018
  0.020
  0.021
  0.023
  0.024
  0.026
  0.027
  0.028
  0.029
  0.029
  0.030
  0.030
  0.030
  0.029
  0.029
  0.028
  0.027
  0.025
  0.023
  0.022
  0.020
  0.018
  0.016
  0.014
  0.012
  0.010
  0.009
  0.007
  0.006
  0.004
  0.003
  0.002
  0.001
  0.001
  0.000
  0.000
  0.000
  0.000
  0.000
  0.000
  0.000
  0.000
  0.000
  0.000
  0.000
  0.000
  0.000
  0.000
  0.000
  0.000
  0.000
  0.000
  0.000
  0.000
  0.000
  0.000
  0.000
  0.000
  0.000
  0.000
  0.000
  0.000
  0.000
  0.000
  0.000
  0.000
  0.000
  0.000
  0.000
  0.000
  0.000
  0.000
  0.000
  0.000
  0.000
  0.000
  0.000
  0.000
  0.000
  0.000
  0.000
  0.000
  0.000
  0.000
  0.000
  0.000
  0.000
  0.000
  0.000
  0.000
  0.000
  0.000
  0.000
  0.000
  0.000
  0.000
  0.000
  0.000
  0.000
  0.000
  0.000
  0.000
  0.000
  0.000
  0.000
  0.000
  0.000
  0.000
  0.000
  0.000
  0.000
  0.000
  0.000
  0.000
  0.000
  0.000
  0.000
  0.000
  0.000
  0.000
  0.000
  0.000
  0.000
  0.000
  0.000
  0.000
  0.000
  0.000
  0.000
  0.000
  0.000
  0.000
  0.000
  0.000
  0.000
  0.001
  0.001
  0.001
  0.001
  0.001
  0.001
  0.001
  0.001
  0.002
  0.002
  0.002
  0.002
  0.002
  0.002
  0.001
  0.001
  0.001
  0.001
  0.001
  0.001
  0.001
  0.000
  0.000
  0.000
  0.000
  0.000
  0.000
  0.000
  0.000
  0.000
  0.000
  0.000
  0.000
  0.000
  0.000
  0.000
  0.000
  0.000
  0.000
  0.000
  0.000
  0.000
  0.000
  0.000
  0.000
  0.000
  0.000
  0.001
  0.001
  0.001
  0.002
  0.002
  0.003
  0.003
  0.004
  0.004
  0.005
  0.006
  0.006
  0.007
  0.008
  0.008
  0.009
  0.009
  0.010
  0.010
  0.010
  0.010
  0.010
  0.010
  0.010
  0.010
  0.009
  0.008
  0.008
  0.007
  0.006
  0.006
  0.005
  0.005
  0.005
  0.005
  0.005
  0.006
  0.007
  0.009
  0.011
  0.013
  0.015
  0.018
  0.022
  0.025
  0.029
  0.034
  0.038
  0.043
  0.048
  0.053
  0.058
  0.063
  0.068
  0.073
  0.077
  0.082
  0.086
  0.089
  0.093
  0.096
  0.098
  0.100
  0.102
  0.103
  0.104
  0.104
  0.103
  0.103
  0.102
  0.100
  0.098
  0.096
  0.093
  0.090
  0.087
  0.084
  0.080
  0.076
  0.072
  0.067
  0.063
  0.059
  0.054
  0.050
  0.045
  0.041
  0.037
  0.033
  0.029
  0.026
  0.023
  0.020
  0.017
  0.014
  0.012
  0.009
  0.008
  0.006
  0.004
  0.003
  0.002
  0.001
  0.000
  0.000
  0.000
  0.000
  0.000
  0.000
  0.000
  0.000
  0.000
  0.000
  0.000
  0.000
  0.000
  0.000
  0.000
  0.000
  0.000
  0.000
  0.000
  0.000
  0.000
  0.000
  0.000
  0.000
  0.000
  0.000
  0.000
  0.000
  0.000
  0.000
  0.001
  0.003
  0.005
  0.007
  0.009
  0.012
  0.015
  0.018
  0.022
  0.026
  0.029
  0.033
  0.037
  0.040
  0.043
  0.045
  0.047
  0.048
  0.049
  0.049
  0.048
  0.047
  0.045
  0.042
  0.039
  0.036
  0.033
  0.029
  0.025
  0.022
  0.018
  0.015
  0.012
  0.010
  0.008
  0.006
  0.005
  0.004
  0.003
  0.003
  0.003
  0.003
  0.004
  0.004
  0.005
  0.006
  0.007
  0.008
  0.009
  0.010
  0.012
  0.013
  0.015
  0.016
  0.018
  0.019
  0.021
  0.023
  0.025
  0.027
  0.030
  0.032
  0.035
  0.038
  0.041
  0.045
  0.049
  0.052
  0.056
  0.060
  0.064
  0.068
  0.071
  0.075
  0.078
  0.082
  0.085
  0.088
  0.091
  0.093
  0.095
  0.096
  0.097
  0.096
  0.096
  0.095
  0.094
  0.092
  0.091
  0.089
  0.087
  0.085
  0.084
  0.082
  0.081
  0.079
  0.078
  0.076
  0.074
  0.073
  0.071
  0.070
  0.068
  0.066
  0.065
  0.063
  0.062
  0.060
  0.059
  0.057
  0.055
  0.054
  0.052
  0.051
  0.049
  0.047
  0.046
  0.044
  0.043
  0.041
  0.040
  0.038
  0.036
  0.035
  0.033
  0.032
  0.030
  0.029
  0.027
  0.025
  0.024
  0.022
  0.021
  0.019
  0.017
  0.016
  0.014
  0.013
  0.011
  0.010
  0.008
  0.006
  0.005
  0.003
  0.002
