  0.000
  0.002
  0.004
  0.005
  0.007
  0.008
  0.009
  0.011
  0.012
  0.013
  0.014
  0.015
  0.016
  0.016
  0.017
  0.017
  0.018
  0.018
  0.017
  0.017
  0.016
  0.016
  0.015
  0.014
  0.013
  0.012
  0.011
  0.009
  0.008
  0.007
  0.006
  0.005
  0.004
  0.003
  0.002
  0.002
  0.001
  0.000
  0.000
  0.000
  0.000
  0.000
  0.000
  0.000
  0.000
  0.000
  0.000
  0.000
  0.000
  0.000
  0.000
  0.000
  0.000
  0.000
  0.000
  0.000
  0.000
  0.000
  0.000
  0.000
  0.002
  0.004
  0.006
  0.009
  0.013
  0.016
  0.021
  0.025
  0.030
  0.034
  0.039
  0.043
  0.047
  0.049
  0.051
  0.051
  0.050
  0.047
  0.043
  0.036
  0.028
  0.019
  0.008
  0.000
  0.000
  0.000
  0.000
  0.000
  0.000
  0.000
  0.000
  0.000
  0.002
  0.041
  0.094
  0.162
  0.248
  0.353
  0.479
  0.626
  0.797
  0.991
  1.210
  1.453
  1.720
  2.011
  2.325
  2.662
  3.019
  3.394
  3.788
  4.197
  4.618
  5.051
  5.491
  5.936
  6.383
  6.830
  7.272
  7.707
  8.131
  8.541
  8.934
  9.308
  9.660
  9.986
 10.285
 10.555
 10.796
 11.005
 11.182
 11.327
 11.439
 11.521
 11.573
 11.595
 11.590
 11.559
 11.505
 11.430
 11.336
 11.226
 11.102
 10.966
 10.821
 10.670
 10.514
 10.355
 10.195
 10.034
  9.876
  9.720
  9.568
  9.420
  9.276
  9.137
  9.003
  8.875
  8.751
  8.632
  8.518
  8.408
  8.302
  8.201
  8.104
  8.011
  7.922
  7.836
  7.754
  7.676
  7.602
  7.532
  7.466
  7.404
  7.345
  7.291
  7.239
  7.191
  7.146
  7.104
  7.064
  7.026
  6.989
  6.955
  6.921
  6.888
  6.856
  6.824
  6.792
  6.760
  6.727
  6.693
  6.659
  6.624
  6.588
  6.552
  6.515
  6.478
  6.440
  6.403
  6.367
  6.332
  6.298
  6.265
  6.232
  6.201
  6.171
  6.142
  6.113
  6.085
  6.057
  6.029
  6.001
  5.973
  5.945
  5.917
  5.888
  5.860
  5.833
  5.805
  5.778
  5.752
  5.725
  5.700
  5.675
  5.651
  5.627
  5.604
  5.581
  5.560
  5.539
  5.519
  5.499
  5.481
  5.463
  5.446
  5.429
  5.413
  5.397
  5.382
  5.366
  5.351
  5.336
  5.320
  5.304
  5.288
  5.271
  5.254
  5.235
  5.216
  5.196
  5.174
  5.152
  5.128
  5.104
  5.078
  5.052
  5.024
  4.996
  4.968
  4.939
  4.909
  4.880
  4.851
  4.823
  4.795
  4.768
  4.743
  4.719
  4.697
  4.677
  4.659
  4.642
  4.628
  4.615
  4.604
  4.594
  4.586
  4.578
  4.571
  4.564
  4.558
  4.551
  4.545
  4.537
  4.530
  4.521
  4.512
  4.502
  4.492
  4.480
  4.467
  4.453
  4.439
  4.424
  4.408
  4.392
  4.376
  4.360
  4.345
  4.329
  4.314
  4.300
  4.285
  4.271
  4.256
  4.241
  4.225
  4.209
  4.191
  4.174
  4.155
  4.135
  4.116
  4.096
  4.076
  4.057
  4.039
  4.021
  4.003
  3.987
  3.971
  3.956
  3.941
  3.927
  3.913
  3.899
  3.885
  3.871
  3.858
  3.845
  3.833
  3.822
  3.811
  3.802
  3.795
  3.788
  3.784
  3.781
  3.779
  3.778
  3.777
  3.777
  3.777
  3.776
  3.774
  3.770
  3.764
  3.757
  3.748
  3.736
  3.722
  3.705
  3.687
  3.667
  3.645
  3.623
  3.599
  3.575
  3.551
  3.527
  3.503
  3.481
  3.459
  3.439
  3.420
  3.403
  3.388
  3.374
  3.363
  3.353
  3.345
  3.339
  3.334
  3.330
  3.328
  3.326
  3.324
  3.323
  3.322
  3.321
  3.318
  3.315
  3.312
  3.307
  3.300
  3.292
  3.283
  3.273
  3.261
  3.247
  3.233
  3.217
  3.200
  3.183
  3.165
  3.147
  3.129
  3.110
  3.093
  3.076
  3.059
  3.044
  3.030
  3.017
  3.006
  2.996
  2.988
  2.982
  2.976
  2.973
  2.970
  2.968
  2.967
  2.966
  2.965
  2.963
  2.961
  2.959
  2.955
  2.951
  2.944
  2.937
  2.928
  2.918
  2.907
  2.895
  2.882
  2.869
  2.856
  2.843
  2.830
  2.819
  2.808
  2.799
  2.791
  2.785
  2.780
  2.778
  2.777
  2.777
  2.778
  2.781
  2.784
  2.786
  2.789
  2.790
  2.790
  2.788
  2.784
  2.779
  2.770
  2.760
  2.747
  2.733
  2.717
  2.700
  2.682
  2.663
  2.645
  2.628
  2.611
  2.596
  2.583
  2.571
  2.561
  2.553
  2.547
  2.542
  2.538
  2.535
  2.532
  2.529
  2.526
  2.523
  2.518
  2.512
  2.504
  2.496
  2.486
  2.476
  2.465
  2.454
  2.442
  2.431
  2.421
  2.412
  2.404
  2.397
  2.391
  2.386
  2.381
  2.377
  2.372
  2.367
  2.361
  2.353
  2.344
  2.333
  2.320
  2.306
  2.291
  2.275
  2.258
  2.241
  2.225
  2.209
  2.195
  2.182
  2.171
  2.161
  2.154
  2.149
  2.146
  2.144
  2.143
  2.143
  2.144
  2.144
  2.144
  2.144
  2.142
  2.139
  2.136
  2.131
  2.125
  2.118
  2.111
  2.104
  2.096
  2.089
  2.082
  2.076
  2.071
  2.065
  2.061
  2.057
  2.052
  2.048
  2.044
  2.039
  2.034
  2.028
  2.021
  2.013
  2.004
  1.995
  1.984
  1.972
  1.960
  1.947
  1.933
  1.919
  1.904
  1.890
  1.876
  1.863
  1.850
  1.837
  1.826
  1.816
  1.807
  1.799
  1.793
  1.787
  1.783
  1.779
  1.776
  1.774
  1.772
  1.770
  1.768
  1.766
  1.764
  1.762
  1.759
  1.756
  1.753
  1.750
  1.746
  1.742
  1.738
  1.734
  1.729
  1.725
  1.721
  1.716
  1.712
  1.707
  1.702
  1.698
  1.693
  1.688
  1.683
  1.677
  1.672
  1.666
  1.659
  1.653
  1.646
  1.639
  1.632
  1.625
  1.618
  1.611
  1.605
  1.598
  1.592
  1.587
  1.582
  1.578
  1.574
  1.571
  1.568
  1.567
  1.565
  1.564
  1.564
  1.563
  1.563
  1.563
  1.563
  1.563
  1.562
  1.561
  1.561
  1.559
  1.558
  1.556
  1.554
  1.552
  1.550
  1.547
  1.544
  1.541
  1.538
  1.534
  1.530
  1.526
  1.522
  1.518
  1.514
  1.509
  1.505
  1.502
  1.498
  1.495
  1.492
  1.489
  1.487
  1.484
  1.482
  1.480
  1.477
  1.475
  1.473
  1.471
  1.469
  1.467
  1.465
  1.463
  1.462
  1.461
  1.460
  1.460
  1.459
  1.458
  1.458
  1.457
  1.456
  1.454
  1.452
  1.449
  1.446
  1.442
  1.438
  1.433
  1.427
  1.421
  1.414
  1.407
  1.399
  1.392
  1.384
  1.376
  1.369
  1.362
  1.355
  1.349
  1.344
  1.339
  1.335
  1.332
  1.329
  1.327
  1.325
  1.324
  1.323
  1.322
  1.321
  1.320
  1.319
  1.317
  1.315
  1.312
  1.309
  1.306
  1.302
  1.298
  1.293
  1.288
  1.283
  1.279
  1.274
  1.269
  1.264
  1.259
  1.255
  1.250
  1.246
  1.242
  1.238
  1.234
  1.231
  1.227
  1.224
  1.220
  1.216
  1.213
  1.209
  1.206
  1.202
  1.199
  1.196
  1.192
  1.189
  1.186
  1.183
  1.180
  1.178
  1.175
  1.172
  1.169
  1.166
  1.163
  1.160
  1.156
  1.153
  1.149
  1.144
  1.140
  1.136
  1.131
  1.126
  1.121
  1.116
  1.111
  1.106
  1.101
  1.096
  1.092
  1.087
  1.083
  1.079
  1.075
  1.071
  1.067
  1.064
  1.060
  1.057
  1.054
  1.050
  1.047
  1.044
  1.041
  1.038
  1.036
  1.033
  1.030
  1.027
  1.025
  1.022
  1.019
  1.016
  1.014
  1.011
  1.008
  1.004
  1.001
  0.998
  0.994
  0.991
  0.987
  0.983
  0.979
  0.975
  0.971
  0.966
  0.962
  0.958
  0.954
  0.950
  0.946
  0.942
  0.938
  0.934
  0.931
  0.927
  0.924
  0.920
  0.917
  0.913
  0.910
  0.907
  0.903
  0.900
  0.897
  0.893
  0.890
  0.887
  0.884
  0.880
  0.877
  0.874
  0.872
  0.869
  0.867
  0.865
  0.863
  0.861
  0.859
  0.858
  0.856
  0.855
  0.854
  0.852
  0.851
  0.849
  0.847
  0.846
  0.843
  0.841
  0.838
  0.836
  0.833
  0.829
  0.826
  0.822
  0.818
  0.814
  0.810
  0.805
  0.801
  0.796
  0.792
  0.788
  0.783
  0.779
  0.775
  0.771
  0.767
  0.763
  0.759
  0.756
  0.752
  0.749
  0.746
  0.743
  0.740
  0.738
  0.735
  0.733
  0.731
  0.729
  0.727
  0.725
  0.724
  0.722
  0.720
  0.719
  0.717
  0.715
  0.714
  0.712
  0.710
  0.708
  0.706
  0.703
  0.701
  0.698
  0.696
  0.693
  0.690
  0.688
  0.685
  0.682
  0.679
  0.677
  0.674
  0.671
  0.669
  0.666
  0.663
  0.660
  0.658
  0.655
  0.651
  0.648
  0.645
  0.641
  0.637
  0.633
  0.629
  0.625
  0.621
  0.617
  0.612
  0.608
  0.603
  0.599
  0.595
  0.590
  0.586
  0.582
  0.577
  0.573
  0.569
  0.565
  0.561
  0.556
  0.552
  0.548
  0.544
  0.540
  0.536
  0.532
  0.528
  0.524
  0.520
  0.517
  0.513
  0.509
  0.505
  0.501
  0.497
  0.493
  0.488
  0.484
  0.479
  0.474
  0.469
  0.464
  0.459
  0.454
  0.449
  0.444
  0.439
  0.434
  0.429
  0.425
  0.421
  0.417
  0.413
  0.410
  0.407
  0.404
  0.401
  0.399
  0.397
  0.395
  0.394
  0.392
  0.391
  0.389
  0.387
  0.386
  0.384
  0.382
  0.380
  0.377
  0.375
  0.372
  0.369
  0.366
  0.363
  0.359
  0.356
  0.352
  0.348
  0.345
  0.341
  0.337
  0.333
  0.328
  0.324
  0.320
  0.316
  0.312
  0.308
  0.304
  0.300
  0.296
  0.292
  0.288
  0.285
  0.282
  0.279
  0.276
  0.273
  0.271
  0.269
  0.267
  0.266
  0.265
  0.264
  0.263
  0.262
  0.261
  0.261
  0.260
  0.260
  0.259
  0.258
  0.257
  0.256
  0.255
  0.254
  0.253
  0.251
  0.249
  0.247
  0.245
  0.243
  0.241
  0.239
  0.237
  0.234
  0.232
  0.230
  0.227
  0.225
  0.223
  0.221
  0.218
  0.216
  0.214
  0.211
  0.209
  0.206
  0.204
  0.201
  0.198
  0.195
  0.192
  0.190
  0.187
  0.183
  0.180
  0.177
  0.174
  0.171
  0.168
  0.165
  0.163
  0.160
  0.157
  0.155
  0.152
  0.150
  0.148
  0.146
  0.144
  0.142
  0.141
  0.140
  0.139
  0.138
  0.137
  0.136
  0.135
  0.135
  0.135
  0.134
  0.134
  0.134
  0.134
  0.134
  0.135
  0.135
  0.135
  0.135
  0.135
  0.136
  0.136
  0.136
  0.136
  0.136
  0.136
  0.136
  0.136
  0.136
  0.135
  0.135
  0.134
  0.133
  0.132
  0.131
  0.129
  0.128
  0.126
  0.124
  0.122
  0.120
  0.118
  0.116
  0.114
  0.112
  0.110
  0.108
  0.106
  0.105
  0.104
  0.103
  0.102
  0.102
  0.101
  0.101
  0.101
  0.102
  0.102
  0.103
  0.103
  0.104
  0.105
  0.107
  0.108
  0.110
  0.111
  0.113
  0.115
  0.116
  0.118
  0.120
  0.122
  0.124
  0.125
  0.127
  0.129
  0.131
  0.133
  0.135
  0.137
  0.139
  0.142
  0.144
  0.148
  0.151
  0.155
  0.158
  0.163
  0.167
  0.172
  0.176
  0.181
  0.186
  0.191
  0.196
  0.201
  0.206
  0.211
  0.216
  0.220
  0.225
  0.229
  0.233
  0.236
  0.240
  0.243
  0.246
  0.249
  0.252
  0.254
  0.257
  0.258
  0.260
  0.262
  0.263
  0.264
  0.265
  0.266
  0.266
  0.267
  0.267
  0.267
  0.267
  0.267
  0.267
  0.267
  0.266
  0.266
  0.265
  0.264
  0.263
  0.262
  0.260
  0.259
  0.257
  0.255
  0.252
  0.250
  0.247
  0.244
  0.241
  0.238
  0.235
  0.232
  0.228
  0.225
  0.223
  0.220
  0.217
  0.215
  0.213
  0.211
  0.209
  0.208
  0.206
  0.205
  0.204
  0.203
  0.203
  0.202
  0.202
  0.202
  0.202
  0.202
  0.202
  0.203
  0.204
  0.204
  0.205
  0.206
  0.208
  0.209
  0.210
  0.212
  0.213
  0.215
  0.216
  0.217
  0.219
  0.220
  0.220
  0.221
  0.221
  0.222
  0.221
  0.221
  0.221
  0.220
  0.220
  0.219
  0.218
  0.217
  0.216
  0.216
  0.215
  0.214
  0.214
  0.214
  0.213
  0.213
  0.213
  0.214
  0.214
  0.214
  0.215
  0.215
  0.216
  0.217
  0.218
  0.218
  0.219
  0.219
  0.220
  0.220
  0.221
  0.221
  0.221
  0.220
  0.220
  0.219
  0.218
  0.217
  0.216
  0.214
  0.213
  0.211
  0.209
  0.206
  0.204
  0.201
  0.199
  0.196
  0.193
  0.190
  0.187
  0.184
  0.180
  0.177
  0.174
  0.171
  0.168
  0.165
  0.162
  0.160
  0.157
  0.155
  0.153
  0.151
  0.149
  0.147
  0.145
  0.144
  0.143
  0.142
  0.141
  0.140
  0.139
  0.138
  0.138
  0.137
  0.137
  0.136
  0.136
  0.135
  0.135
  0.134
  0.133
  0.132
  0.131
  0.129
  0.127
  0.125
  0.123
  0.120
  0.118
  0.115
  0.112
  0.109
  0.106
  0.104
  0.101
  0.099
  0.097
  0.095
  0.093
  0.091
  0.090
  0.089
  0.088
  0.087
  0.087
  0.087
  0.087
  0.087
  0.087
  0.087
  0.088
  0.088
  0.089
  0.089
  0.090
  0.090
  0.091
  0.091
  0.092
  0.092
  0.093
  0.093
  0.094
  0.094
  0.094
  0.093
  0.093
  0.092
  0.091
  0.091
  0.089
  0.088
  0.087
  0.085
  0.084
  0.082
  0.081
  0.079
  0.078
  0.076
  0.075
  0.074
  0.073
  0.072
  0.071
  0.071
  0.070
  0.070
  0.069
  0.069
  0.069
  0.068
  0.068
  0.067
  0.067
  0.066
  0.065
  0.065
  0.064
  0.063
  0.061
  0.060
  0.059
  0.057
  0.056
  0.054
  0.053
  0.051
  0.050
  0.048
  0.047
  0.046
  0.045
  0.044
  0.043
  0.043
  0.042
  0.042
  0.041
  0.041
  0.041
  0.041
  0.041
  0.040
  0.040
  0.040
  0.039
  0.039
  0.038
  0.037
  0.037
  0.036
  0.034
  0.033
  0.032
  0.031
  0.029
  0.028
  0.027
  0.025
  0.024
  0.023
  0.022
  0.021
  0.020
  0.019
  0.019
  0.018
  0.018
  0.017
  0.017
  0.016
  0.016
  0.016
  0.015
  0.015
  0.014
  0.014
  0.013
  0.013
  0.012
  0.011
  0.011
  0.010
  0.009
  0.009
  0.008
  0.007
  0.007
  0.006
  0.005
  0.005
  0.004
  0.004
  0.003
  0.003
  0.002
  0.002
  0.001
  0.001
  0.001
  0.000
  0.000
  0.000
  0.000
  0.000
  0.000
  0.000
  0.000
  0.000
  0.000
  0.000
  0.000
  0.000
  0.000
  0.000
  0.000
  0.000
  0.000
  0.000
  0.000
  0.000
  0.000
  0.000
  0.000
  0.000
  0.000
  0.000
  0.000
  0.000
  0.000
  0.000
  0.000
  0.000
  0.000
  0.000
  0.000
  0.000
  0.000
  0.000
  0.000
  0.000
  0.000
  0.000
  0.000
  0.000
  0.000
  0.000
  0.000
  0.000
  0.000
  0.000
  0.000
  0.000
  0.000
  0.000
  0.000
  0.000
  0.000
  0.000
  0.000
  0.000
  0.000
  0.000
  0.000
  0.000
  0.000
  0.000
  0.000
  0.000
  0.000
  0.000
  0.000
  0.000
  0.000
  0.000
  0.000
  0.000
  0.000
  0.000
  0.000
  0.000
  0.000
  0.001
  0.003
  0.006
  0.009
  0.013
  0.017
  0.022
  0.028
  0.034
  0.041
  0.047
  0.055
  0.062
  0.070
  0.078
  0.085
  0.093
  0.100
  0.107
  0.114
  0.120
  0.126
  0.131
  0.136
  0.141
  0.145
  0.149
  0.152
  0.155
  0.158
  0.161
  0.163
  0.166
  0.168
  0.170
  0.171
  0.173
  0.174
  0.175
  0.176
  0.177
  0.177
  0.178
  0.178
  0.178
  0.178
  0.177
  0.177
  0.176
  0.175
  0.174
  0.173
  0.172
  0.171
  0.170
  0.169
  0.168
  0.167
  0.166
  0.165
  0.164
  0.163
  0.162
  0.160
  0.159
  0.158
  0.157
  0.156
  0.155
  0.154
  0.153
  0.153
  0.152
  0.151
  0.150
  0.149
  0.148
  0.146
  0.145
  0.144
  0.142
  0.141
  0.139
  0.137
  0.134
  0.132
  0.129
  0.126
  0.123
  0.120
  0.116
  0.112
  0.108
  0.105
  0.101
  0.097
  0.094
  0.090
  0.087
  0.084
  0.082
  0.079
  0.077
  0.075
  0.074
  0.073
  0.071
  0.071
  0.070
  0.069
  0.069
  0.068
  0.068
  0.067
  0.066
  0.065
  0.064
  0.063
  0.062
  0.060
  0.058
  0.056
  0.054
  0.051
  0.049
  0.046
  0.043
  0.040
  0.037
  0.034
  0.031
  0.028
  0.025
  0.022
  0.020
  0.017
  0.015
  0.013
  0.011
  0.010
  0.008
  0.007
  0.006
  0.005
  0.005
  0.004
  0.004
  0.004
  0.004
  0.004
  0.004
  0.004
  0.004
  0.004
  0.004
  0.004
  0.004
  0.004
  0.004
  0.005
  0.005
  0.005
  0.005
  0.005
  0.005
  0.005
  0.005
  0.005
  0.005
  0.005
  0.005
  0.005
  0.005
  0.005
  0.005
  0.005
  0.005
  0.005
  0.005
  0.005
  0.005
  0.005
  0.005
  0.005
  0.005
  0.005
  0.005
  0.005
  0.005
  0.005
  0.005
  0.005
  0.005
  0.005
  0.005
  0.005
  0.005
  0.005
  0.005
  0.005
  0.005
  0.005
  0.005
  0.005
  0.005
  0.005
  0.005
  0.005
  0.005
  0.005
  0.005
  0.005
  0.005
  0.005
  0.005
  0.005
  0.005
  0.005
  0.005
  0.005
  0.005
  0.005
  0.005
  0.005
  0.005
  0.005
  0.005
  0.005
  0.005
  0.005
  0.005
  0.004
  0.004
  0.004
  0.003
  0.003
  0.003
  0.002
  0.002
  0.001
  0.001
  0.000
  0.000
  0.000
  0.000
  0.000
  0.001
  0.001
  0.002
  0.004
  0.005
  0.007
  0.009
  0.012
  0.015
  0.018
  0.022
  0.027
  0.031
  0.037
  0.042
  0.048
  0.054
  0.061
  0.068
  0.075
  0.082
  0.090
  0.097
  0.105
  0.113
  0.120
  0.128
  0.136
  0.143
  0.150
  0.157
  0.164
  0.170
  0.176
  0.181
  0.186
  0.191
  0.196
  0.200
  0.203
  0.206
  0.209
  0.212
  0.214
  0.216
  0.218
  0.219
  0.220
  0.222
  0.222
  0.223
  0.224
  0.224
  0.225
  0.225
  0.225
  0.225
  0.225
  0.225
  0.225
  0.225
  0.224
  0.224
  0.223
  0.222
  0.221
  0.220
  0.219
  0.218
  0.216
  0.215
  0.213
  0.211
  0.210
  0.207
  0.205
  0.203
  0.200
  0.198
  0.195
  0.191
  0.188
  0.185
  0.181
  0.177
  0.173
  0.169
  0.166
  0.162
  0.158
  0.155
  0.151
  0.148
  0.146
  0.143
  0.141
  0.139
  0.137
  0.136
  0.135
  0.134
  0.134
  0.133
  0.133
  0.133
  0.133
  0.133
  0.133
  0.133
  0.133
  0.134
  0.134
  0.134
  0.133
  0.132
  0.129
  0.127
  0.124
  0.122
  0.120
  0.117
  0.115
  0.113
  0.111
  0.109
  0.106
  0.104
  0.102
  0.100
  0.098
  0.095
  0.093
  0.091
  0.089
  0.086
  0.084
  0.082
  0.080
  0.078
  0.075
  0.073
  0.071
  0.069
  0.067
  0.064
  0.062
  0.060
  0.058
  0.055
  0.053
  0.051
  0.049
  0.047
  0.044
  0.042
  0.040
  0.038
  0.035
  0.033
  0.031
  0.029
  0.027
  0.024
  0.022
  0.020
  0.018
  0.016
  0.013
  0.011
  0.009
  0.007
  0.004
  0.002
