  0.000
  0.000
  0.000
  0.000
  0.000
  0.000
  0.000
  0.000
  0.000
  0.000
  0.000
  0.000
  0.000
  0.000
  0.000
  0.000
  0.000
  0.000
  0.000
  0.000
  0.000
  0.000
  0.000
  0.000
  0.000
  0.000
  0.000
  0.000
  0.000
  0.000
  0.000
  0.000
  0.000
  0.000
  0.000
  0.000
  0.000
  0.000
  0.000
  0.000
  0.000
  0.000
  0.000
  0.000
  0.000
  0.000
  0.000
  0.000
  0.000
  0.000
  0.000
  0.000
  0.000
  0.000
  0.000
  0.000
  0.000
  0.000
  0.000
  0.000
  0.000
  0.000
  0.000
  0.000
  0.000
  0.000
  0.000
  0.000
  0.000
  0.000
  0.000
  0.000
  0.000
  0.000
  0.000
  0.000
  0.000
  0.000
  0.000
  0.000
  0.000
  0.000
  0.000
  0.000
  0.000
  0.000
  0.000
  0.000
  0.001
  0.003
  0.005
  0.008
  0.011
  0.015
  0.020
  0.025
  0.031
  0.037
  0.044
  0.051
  0.058
  0.066
  0.074
  0.082
  0.091
  0.099
  0.107
  0.115
  0.123
  0.131
  0.139
  0.147
  0.155
  0.162
  0.170
  0.178
  0.186
  0.194
  0.203
  0.213
  0.223
  0.235
  0.248
  0.263
  0.280
  0.299
  0.320
  0.345
  0.372
  0.403
  0.438
  0.476
  0.520
  0.567
  0.620
  0.677
  0.740
  0.808
  0.881
  0.961
  1.045
  1.136
  1.232
  1.335
  1.442
  1.556
  1.675
  1.799
  1.928
  2.061
  2.199
  2.341
  2.486
  2.633
  2.783
  2.933
  3.084
  3.235
  3.383
  3.529
  3.671
  3.809
  3.940
  4.065
  4.182
  4.290
  4.389
  4.477
  4.555
  4.622
  4.678
  4.723
  4.756
  4.779
  4.791
  4.794
  4.787
  4.770
  4.746
  4.715
  4.677
  4.633
  4.583
  4.530
  4.473
  4.412
  4.350
  4.285
  4.219
  4.153
  4.086
  4.019
  3.953
  3.887
  3.822
  3.758
  3.695
  3.633
  3.573
  3.515
  3.457
  3.401
  3.346
  3.293
  3.240
  3.189
  3.139
  3.090
  3.042
  2.995
  2.950
  2.906
  2.863
  2.822
  2.782
  2.744
  2.707
  2.672
  2.639
  2.606
  2.575
  2.544
  2.514
  2.484
  2.454
  2.424
  2.394
  2.363
  2.331
  2.299
  2.267
  2.233
  2.200
  2.165
  2.131
  2.096
  2.062
  2.028
  1.994
  1.961
  1.930
  1.899
  1.870
  1.842
  1.816
  1.791
  1.768
  1.746
  1.726
  1.708
  1.690
  1.674
  1.659
  1.645
  1.632
  1.619
  1.606
  1.594
  1.583
  1.571
  1.560
  1.548
  1.537
  1.525
  1.514
  1.503
  1.493
  1.482
  1.472
  1.462
  1.452
  1.442
  1.432
  1.423
  1.413
  1.403
  1.393
  1.383
  1.373
  1.362
  1.351
  1.340
  1.328
  1.317
  1.306
  1.294
  1.283
  1.272
  1.262
  1.252
  1.243
  1.234
  1.226
  1.219
  1.212
  1.206
  1.201
  1.196
  1.192
  1.188
  1.185
  1.182
  1.179
  1.177
  1.174
  1.172
  1.169
  1.166
  1.163
  1.160
  1.157
  1.153
  1.150
  1.146
  1.142
  1.138
  1.134
  1.129
  1.125
  1.121
  1.116
  1.112
  1.107
  1.103
  1.098
  1.093
  1.088
  1.083
  1.077
  1.072
  1.067
  1.062
  1.057
  1.052
  1.048
  1.044
  1.040
  1.036
  1.033
  1.031
  1.029
  1.027
  1.025
  1.024
  1.023
  1.022
  1.021
  1.020
  1.020
  1.019
  1.018
  1.018
  1.017
  1.016
  1.015
  1.013
  1.011
  1.009
  1.007
  1.004
  1.001
  0.997
  0.993
  0.989
  0.984
  0.979
  0.974
  0.968
  0.962
  0.955
  0.949
  0.942
  0.935
  0.929
  0.922
  0.916
  0.909
  0.904
  0.898
  0.893
  0.889
  0.885
  0.881
  0.878
  0.874
  0.872
  0.869
  0.866
  0.862
  0.859
  0.855
  0.851
  0.846
  0.841
  0.836
  0.831
  0.825
  0.819
  0.814
  0.808
  0.803
  0.797
  0.793
  0.788
  0.783
  0.779
  0.775
  0.772
  0.768
  0.765
  0.761
  0.758
  0.754
  0.751
  0.748
  0.745
  0.741
  0.738
  0.735
  0.732
  0.730
  0.727
  0.724
  0.722
  0.720
  0.718
  0.716
  0.714
  0.712
  0.710
  0.708
  0.706
  0.704
  0.702
  0.699
  0.697
  0.694
  0.691
  0.687
  0.684
  0.680
  0.676
  0.672
  0.668
  0.664
  0.659
  0.655
  0.650
  0.646
  0.641
  0.637
  0.632
  0.628
  0.624
  0.620
  0.616
  0.612
  0.608
  0.605
  0.602
  0.599
  0.596
  0.593
  0.591
  0.588
  0.586
  0.584
  0.582
  0.580
  0.579
  0.577
  0.576
  0.574
  0.573
  0.572
  0.570
  0.569
  0.567
  0.566
  0.564
  0.562
  0.560
  0.558
  0.556
  0.554
  0.552
  0.549
  0.547
  0.545
  0.542
  0.540
  0.538
  0.536
  0.534
  0.532
  0.531
  0.529
  0.527
  0.526
  0.524
  0.523
  0.522
  0.520
  0.519
  0.518
  0.517
  0.516
  0.515
  0.514
  0.513
  0.512
  0.512
  0.511
  0.510
  0.510
  0.509
  0.509
  0.508
  0.508
  0.507
  0.507
  0.506
  0.505
  0.503
  0.502
  0.500
  0.499
  0.497
  0.495
  0.492
  0.490
  0.488
  0.486
  0.485
  0.483
  0.481
  0.480
  0.478
  0.477
  0.476
  0.475
  0.474
  0.473
  0.472
  0.471
  0.470
  0.468
  0.467
  0.466
  0.464
  0.463
  0.461
  0.459
  0.458
  0.456
  0.454
  0.453
  0.451
  0.450
  0.449
  0.448
  0.447
  0.446
  0.445
  0.445
  0.444
  0.444
  0.443
  0.443
  0.443
  0.443
  0.442
  0.442
  0.441
  0.440
  0.438
  0.436
  0.434
  0.430
  0.427
  0.422
  0.417
  0.411
  0.405
  0.399
  0.393
  0.386
  0.380
  0.374
  0.369
  0.364
  0.359
  0.355
  0.351
  0.347
  0.344
  0.342
  0.339
  0.337
  0.335
  0.334
  0.333
  0.331
  0.331
  0.330
  0.330
  0.330
  0.331
  0.332
  0.334
  0.336
  0.339
  0.342
  0.345
  0.349
  0.352
  0.356
  0.360
  0.363
  0.366
  0.369
  0.371
  0.373
  0.374
  0.374
  0.375
  0.375
  0.374
  0.373
  0.372
  0.371
  0.370
  0.368
  0.367
  0.366
  0.365
  0.364
  0.363
  0.362
  0.361
  0.360
  0.359
  0.358
  0.357
  0.356
  0.355
  0.353
  0.352
  0.351
  0.349
  0.348
  0.347
  0.345
  0.344
  0.342
  0.341
  0.339
  0.337
  0.336
  0.334
  0.332
  0.330
  0.328
  0.327
  0.325
  0.324
  0.322
  0.321
  0.321
  0.320
  0.320
  0.320
  0.320
  0.320
  0.321
  0.321
  0.322
  0.323
  0.324
  0.325
  0.326
  0.327
  0.327
  0.328
  0.328
  0.329
  0.328
  0.328
  0.326
  0.325
  0.323
  0.320
  0.317
  0.314
  0.310
  0.306
  0.302
  0.297
  0.292
  0.288
  0.283
  0.278
  0.274
  0.270
  0.266
  0.262
  0.258
  0.255
  0.252
  0.249
  0.247
  0.245
  0.243
  0.242
  0.240
  0.240
  0.239
  0.239
  0.239
  0.240
  0.241
  0.242
  0.244
  0.246
  0.248
  0.251
  0.253
  0.256
  0.259
  0.262
  0.264
  0.266
  0.268
  0.270
  0.271
  0.271
  0.270
  0.270
  0.268
  0.266
  0.264
  0.261
  0.259
  0.256
  0.253
  0.250
  0.247
  0.245
  0.243
  0.241
  0.239
  0.238
  0.237
  0.236
  0.236
  0.235
  0.235
  0.235
  0.235
  0.235
  0.235
  0.235
  0.234
  0.234
  0.234
  0.234
  0.233
  0.233
  0.232
  0.232
  0.232
  0.231
  0.231
  0.231
  0.231
  0.231
  0.231
  0.231
  0.232
  0.232
  0.232
  0.232
  0.232
  0.231
  0.231
  0.230
  0.229
  0.228
  0.227
  0.226
  0.225
  0.223
  0.222
  0.220
  0.219
  0.218
  0.217
  0.217
  0.216
  0.216
  0.216
  0.216
  0.216
  0.217
  0.218
  0.219
  0.220
  0.221
  0.222
  0.223
  0.225
  0.226
  0.227
  0.228
  0.229
  0.230
  0.230
  0.231
  0.231
  0.231
  0.230
  0.230
  0.229
  0.228
  0.227
  0.226
  0.225
  0.224
  0.223
  0.222
  0.221
  0.220
  0.219
  0.218
  0.217
  0.217
  0.216
  0.216
  0.215
  0.215
  0.215
  0.215
  0.215
  0.214
  0.214
  0.214
  0.214
  0.213
  0.213
  0.212
  0.211
  0.210
  0.209
  0.208
  0.207
  0.205
  0.203
  0.201
  0.200
  0.198
  0.196
  0.194
  0.192
  0.190
  0.188
  0.186
  0.184
  0.183
  0.181
  0.180
  0.179
  0.178
  0.177
  0.176
  0.176
  0.175
  0.175
  0.175
  0.175
  0.175
  0.175
  0.175
  0.175
  0.175
  0.176
  0.176
  0.176
  0.177
  0.177
  0.178
  0.179
  0.180
  0.181
  0.183
  0.184
  0.185
  0.187
  0.188
  0.190
  0.191
  0.192
  0.193
  0.194
  0.194
  0.194
  0.194
  0.194
  0.193
  0.193
  0.192
  0.191
  0.189
  0.188
  0.187
  0.186
  0.185
  0.184
  0.183
  0.182
  0.182
  0.181
  0.181
  0.181
  0.181
  0.181
  0.182
  0.182
  0.182
  0.181
  0.181
  0.181
  0.181
  0.181
  0.180
  0.180
  0.180
  0.179
  0.179
  0.179
  0.178
  0.178
  0.177
  0.177
  0.177
  0.176
  0.175
  0.174
  0.174
  0.173
  0.172
  0.171
  0.169
  0.168
  0.167
  0.167
  0.166
  0.165
  0.164
  0.164
  0.163
  0.163
  0.163
  0.162
  0.162
  0.162
  0.162
  0.162
  0.162
  0.162
  0.162
  0.162
  0.162
  0.163
  0.163
  0.163
  0.163
  0.163
  0.163
  0.163
  0.163
  0.163
  0.164
  0.164
  0.164
  0.164
  0.164
  0.164
  0.164
  0.164
  0.164
  0.164
  0.164
  0.164
  0.163
  0.163
  0.162
  0.162
  0.161
  0.160
  0.159
  0.158
  0.156
  0.155
  0.153
  0.152
  0.150
  0.149
  0.148
  0.147
  0.146
  0.145
  0.145
  0.145
  0.145
  0.146
  0.147
  0.148
  0.149
  0.151
  0.152
  0.154
  0.156
  0.157
  0.159
  0.160
  0.161
  0.162
  0.163
  0.164
  0.165
  0.165
  0.165
  0.165
  0.165
  0.165
  0.165
  0.164
  0.164
  0.163
  0.161
  0.160
  0.158
  0.156
  0.154
  0.152
  0.150
  0.147
  0.145
  0.142
  0.140
  0.138
  0.135
  0.133
  0.131
  0.129
  0.127
  0.125
  0.124
  0.122
  0.121
  0.119
  0.118
  0.117
  0.116
  0.115
  0.114
  0.113
  0.112
  0.111
  0.111
  0.110
  0.110
  0.109
  0.109
  0.109
  0.109
  0.109
  0.109
  0.109
  0.109
  0.110
  0.110
  0.111
  0.112
  0.112
  0.113
  0.114
  0.115
  0.116
  0.117
  0.119
  0.120
  0.121
  0.123
  0.124
  0.126
  0.127
  0.129
  0.131
  0.132
  0.134
  0.135
  0.137
  0.138
  0.139
  0.140
  0.140
  0.141
  0.141
  0.141
  0.140
  0.140
  0.139
  0.138
  0.138
  0.137
  0.136
  0.135
  0.134
  0.133
  0.132
  0.131
  0.130
  0.130
  0.129
  0.128
  0.128
  0.127
  0.127
  0.127
  0.126
  0.126
  0.125
  0.125
  0.124
  0.124
  0.123
  0.123
  0.122
  0.122
  0.122
  0.121
  0.121
  0.121
  0.121
  0.122
  0.122
  0.123
  0.123
  0.124
  0.125
  0.125
  0.126
  0.126
  0.127
  0.127
  0.127
  0.127
  0.126
  0.126
  0.125
  0.125
  0.124
  0.123
  0.122
  0.121
  0.120
  0.119
  0.118
  0.118
  0.117
  0.116
  0.116
  0.115
  0.115
  0.115
  0.114
  0.114
  0.114
  0.114
  0.114
  0.114
  0.114
  0.114
  0.114
  0.113
  0.113
  0.113
  0.113
  0.113
  0.112
  0.112
  0.112
  0.111
  0.111
  0.110
  0.110
  0.109
  0.109
  0.109
  0.108
  0.108
  0.108
  0.107
  0.107
  0.107
  0.106
  0.106
  0.106
  0.105
  0.105
  0.104
  0.104
  0.103
  0.102
  0.102
  0.101
  0.101
  0.100
  0.100
  0.099
  0.099
  0.098
  0.098
  0.098
  0.097
  0.097
  0.097
  0.096
  0.096
  0.096
  0.096
  0.095
  0.095
  0.095
  0.095
  0.094
  0.094
  0.094
  0.094
  0.094
  0.093
  0.093
  0.093
  0.093
  0.093
  0.093
  0.093
  0.093
  0.093
  0.093
  0.093
  0.093
  0.093
  0.093
  0.093
  0.093
  0.093
  0.093
  0.093
  0.093
  0.093
  0.093
  0.093
  0.093
  0.093
  0.093
  0.093
  0.093
  0.093
  0.093
  0.093
  0.093
  0.093
  0.093
  0.093
  0.093
  0.093
  0.093
  0.093
  0.093
  0.093
  0.093
  0.093
  0.093
  0.093
  0.093
  0.093
  0.093
  0.093
  0.093
  0.093
  0.093
  0.093
  0.093
  0.093
  0.093
  0.093
  0.093
  0.093
  0.093
  0.093
  0.093
  0.093
  0.093
  0.093
  0.093
  0.093
  0.093
  0.093
  0.093
  0.093
  0.093
  0.093
  0.093
  0.094
  0.094
  0.094
  0.093
  0.093
  0.093
  0.093
  0.093
  0.093
  0.092
  0.092
  0.091
  0.091
  0.090
  0.090
  0.089
  0.088
  0.087
  0.086
  0.086
  0.085
  0.084
  0.083
  0.083
  0.082
  0.081
  0.080
  0.080
  0.079
  0.078
  0.078
  0.077
  0.076
  0.075
  0.074
  0.073
  0.073
  0.072
  0.071
  0.071
  0.070
  0.070
  0.070
  0.070
  0.070
  0.070
  0.071
  0.071
  0.072
  0.073
  0.073
  0.074
  0.075
  0.076
  0.077
  0.077
  0.077
  0.077
  0.077
  0.077
  0.076
  0.075
  0.075
  0.074
  0.073
  0.072
  0.071
  0.071
  0.071
  0.071
  0.071
  0.072
  0.073
  0.074
  0.075
  0.077
  0.079
  0.080
  0.082
  0.084
  0.085
  0.087
  0.088
  0.090
  0.091
  0.092
  0.093
  0.093
  0.094
  0.094
  0.094
  0.095
  0.095
  0.094
  0.094
  0.094
  0.094
  0.093
  0.093
  0.092
  0.091
  0.090
  0.090
  0.089
  0.088
  0.087
  0.086
  0.086
  0.085
  0.084
  0.084
  0.084
  0.084
  0.084
  0.084
  0.084
  0.085
  0.085
  0.086
  0.087
  0.088
  0.088
  0.089
  0.090
  0.090
  0.091
  0.092
  0.092
  0.093
  0.093
  0.093
  0.093
  0.093
  0.094
  0.094
  0.094
  0.094
  0.094
  0.094
  0.094
  0.094
  0.094
  0.094
  0.094
  0.094
  0.094
  0.093
  0.093
  0.093
  0.093
  0.093
  0.092
  0.092
  0.092
  0.091
  0.091
  0.090
  0.090
  0.089
  0.088
  0.088
  0.087
  0.087
  0.086
  0.086
  0.086
  0.085
  0.085
  0.085
  0.085
  0.085
  0.085
  0.085
  0.085
  0.085
  0.085
  0.085
  0.085
  0.085
  0.085
  0.086
  0.086
  0.086
  0.086
  0.086
  0.086
  0.086
  0.086
  0.085
  0.085
  0.084
  0.083
  0.081
  0.080
  0.078
  0.077
  0.075
  0.073
  0.071
  0.069
  0.067
  0.066
  0.064
  0.063
  0.062
  0.061
  0.060
  0.060
  0.059
  0.059
  0.059
  0.059
  0.059
  0.060
  0.060
  0.061
  0.061
  0.062
  0.063
  0.063
  0.064
  0.064
  0.065
  0.065
  0.065
  0.065
  0.065
  0.065
  0.064
  0.064
  0.063
  0.062
  0.061
  0.061
  0.060
  0.059
  0.058
  0.057
  0.056
  0.055
  0.054
  0.054
  0.053
  0.053
  0.053
  0.052
  0.052
  0.053
  0.053
  0.053
  0.054
  0.054
  0.054
  0.055
  0.055
  0.056
  0.056
  0.057
  0.057
  0.057
  0.057
  0.058
  0.058
  0.058
  0.058
  0.058
  0.058
  0.058
  0.057
  0.057
  0.057
  0.057
  0.057
  0.057
  0.057
  0.057
  0.056
  0.056
  0.056
  0.056
  0.056
  0.056
  0.055
  0.055
  0.055
  0.055
  0.055
  0.054
  0.054
  0.054
  0.054
  0.054
  0.054
  0.053
  0.053
  0.053
  0.053
  0.054
  0.054
  0.054
  0.054
  0.054
  0.054
  0.055
  0.055
  0.055
  0.055
  0.056
  0.056
  0.056
  0.056
  0.056
  0.056
  0.056
  0.056
  0.056
  0.056
  0.056
  0.056
  0.056
  0.056
  0.056
  0.055
  0.055
  0.055
  0.054
  0.054
  0.053
  0.053
  0.052
  0.052
  0.051
  0.051
  0.051
  0.051
  0.051
  0.051
  0.051
  0.051
  0.051
  0.052
  0.052
  0.053
  0.053
  0.054
  0.054
  0.054
  0.055
  0.055
  0.055
  0.056
  0.056
  0.056
  0.056
  0.056
  0.056
  0.056
  0.056
  0.056
  0.056
  0.056
  0.056
  0.056
  0.056
  0.056
  0.056
  0.056
  0.056
  0.056
  0.056
  0.056
  0.056
  0.056
  0.056
  0.056
  0.056
  0.056
  0.056
  0.056
  0.056
  0.056
  0.056
  0.056
  0.056
  0.056
  0.056
  0.056
  0.056
  0.056
  0.056
  0.056
  0.056
  0.056
  0.056
  0.056
  0.056
  0.056
  0.056
  0.056
  0.056
  0.056
  0.056
  0.056
  0.056
  0.056
  0.056
  0.056
  0.056
  0.056
  0.056
  0.056
  0.056
  0.056
  0.056
  0.056
  0.056
  0.056
  0.056
  0.056
  0.056
  0.056
  0.056
  0.056
  0.056
  0.056
  0.056
  0.056
  0.056
  0.056
  0.056
  0.056
  0.056
  0.056
  0.056
  0.056
  0.056
  0.056
  0.056
  0.056
  0.056
  0.056
  0.056
  0.056
  0.056
  0.056
  0.056
  0.056
  0.056
  0.056
  0.055
  0.055
  0.055
  0.055
  0.054
  0.054
  0.054
  0.054
  0.053
  0.053
  0.053
  0.053
  0.053
  0.052
  0.052
  0.052
  0.052
  0.052
  0.052
  0.052
  0.052
  0.052
  0.052
  0.053
  0.053
  0.053
  0.053
  0.053
  0.053
  0.053
  0.053
  0.053
  0.053
  0.054
  0.054
  0.054
  0.054
  0.054
  0.054
  0.054
  0.055
  0.055
  0.055
  0.055
  0.055
  0.055
  0.055
  0.055
  0.055
  0.054
  0.054
  0.054
  0.053
  0.052
  0.052
  0.051
  0.050
  0.049
  0.048
  0.047
  0.046
  0.045
  0.044
  0.043
  0.042
  0.041
  0.040
  0.039
  0.039
  0.038
  0.037
  0.037
  0.037
  0.036
  0.036
  0.036
  0.036
  0.036
  0.036
  0.037
  0.037
  0.037
  0.037
  0.037
  0.038
  0.038
  0.038
  0.038
  0.039
  0.039
  0.039
  0.040
  0.040
  0.041
  0.042
  0.042
  0.043
  0.044
  0.045
  0.046
  0.047
  0.048
  0.049
  0.050
  0.051
  0.052
  0.052
  0.053
  0.054
  0.054
  0.055
  0.055
  0.056
  0.056
  0.056
  0.056
  0.057
  0.057
  0.057
  0.057
  0.057
  0.057
  0.057
  0.057
  0.057
  0.057
  0.057
  0.057
  0.057
  0.057
  0.056
  0.056
  0.056
  0.056
  0.056
  0.055
  0.055
  0.055
  0.054
  0.054
  0.053
  0.052
  0.052
  0.051
  0.050
  0.050
  0.049
  0.048
  0.048
  0.048
  0.047
  0.047
  0.047
  0.047
  0.046
  0.046
  0.046
  0.046
  0.046
  0.046
  0.046
  0.046
  0.046
  0.045
  0.045
  0.045
  0.045
  0.044
  0.044
  0.044
  0.044
  0.044
  0.044
  0.044
  0.044
  0.044
  0.044
  0.043
  0.043
  0.042
  0.041
  0.040
  0.039
  0.039
  0.038
  0.037
  0.037
  0.036
  0.035
  0.034
  0.034
  0.033
  0.032
  0.031
  0.031
  0.030
  0.029
  0.028
  0.028
  0.027
  0.026
  0.026
  0.025
  0.024
  0.023
  0.023
  0.022
  0.021
  0.020
  0.020
  0.019
  0.018
  0.018
  0.017
  0.016
  0.015
  0.015
  0.014
  0.013
  0.012
  0.012
  0.011
  0.010
  0.009
  0.009
  0.008
  0.007
  0.007
  0.006
  0.005
  0.004
  0.004
  0.003
  0.002
  0.001
  0.001
