  0.000
  0.000
  0.000
  0.000
  0.000
  0.000
  0.000
  0.000
  0.000
  0.000
  0.000
  0.000
  0.001
  0.001
  0.001
  0.001
  0.001
  0.001
  0.001
  0.001
  0.001
  0.001
  0.001
  0.001
  0.000
  0.000
  0.000
  0.000
  0.000
  0.000
  0.000
  0.000
  0.000
  0.000
  0.000
  0.000
  0.000
  0.000
  0.000
  0.000
  0.000
  0.000
  0.000
  0.000
  0.000
  0.000
  0.000
  0.000
  0.000
  0.000
  0.000
  0.000
  0.000
  0.000
  0.000
  0.001
  0.001
  0.001
  0.001
  0.001
  0.001
  0.001
  0.001
  0.001
  0.001
  0.001
  0.000
  0.000
  0.000
  0.000
  0.000
  0.000
  0.000
  0.000
  0.000
  0.000
  0.000
  0.000
  0.000
  0.000
  0.000
  0.000
  0.000
  0.000
  0.000
  0.000
  0.000
  0.000
  0.002
  0.009
  0.019
  0.030
  0.043
  0.058
  0.076
  0.096
  0.119
  0.144
  0.172
  0.203
  0.237
  0.273
  0.313
  0.355
  0.400
  0.449
  0.501
  0.555
  0.614
  0.675
  0.740
  0.809
  0.881
  0.957
  1.036
  1.119
  1.205
  1.295
  1.389
  1.486
  1.586
  1.689
  1.794
  1.902
  2.012
  2.125
  2.238
  2.353
  2.469
  2.584
  2.700
  2.815
  2.928
  3.040
  3.151
  3.258
  3.362
  3.463
  3.561
  3.653
  3.742
  3.825
  3.903
  3.975
  4.042
  4.102
  4.157
  4.205
  4.247
  4.284
  4.315
  4.341
  4.361
  4.377
  4.388
  4.396
  4.400
  4.401
  4.400
  4.396
  4.390
  4.383
  4.374
  4.364
  4.352
  4.340
  4.326
  4.311
  4.295
  4.277
  4.259
  4.239
  4.217
  4.195
  4.171
  4.145
  4.118
  4.090
  4.060
  4.030
  3.998
  3.965
  3.931
  3.896
  3.860
  3.824
  3.787
  3.749
  3.711
  3.672
  3.633
  3.593
  3.554
  3.513
  3.473
  3.433
  3.393
  3.353
  3.313
  3.274
  3.236
  3.199
  3.162
  3.127
  3.093
  3.060
  3.028
  2.998
  2.969
  2.941
  2.915
  2.889
  2.864
  2.841
  2.818
  2.795
  2.773
  2.751
  2.730
  2.709
  2.687
  2.666
  2.645
  2.623
  2.601
  2.578
  2.555
  2.531
  2.507
  2.482
  2.456
  2.431
  2.404
  2.378
  2.352
  2.325
  2.299
  2.274
  2.249
  2.224
  2.201
  2.178
  2.156
  2.135
  2.114
  2.095
  2.076
  2.058
  2.040
  2.023
  2.006
  1.990
  1.974
  1.958
  1.943
  1.928
  1.913
  1.898
  1.883
  1.869
  1.855
  1.841
  1.827
  1.814
  1.801
  1.788
  1.775
  1.763
  1.752
  1.741
  1.730
  1.720
  1.710
  1.700
  1.691
  1.682
  1.673
  1.665
  1.656
  1.647
  1.638
  1.629
  1.620
  1.611
  1.602
  1.592
  1.582
  1.573
  1.563
  1.553
  1.543
  1.533
  1.523
  1.513
  1.503
  1.494
  1.484
  1.475
  1.466
  1.458
  1.449
  1.441
  1.432
  1.424
  1.416
  1.408
  1.399
  1.391
  1.382
  1.373
  1.364
  1.354
  1.344
  1.333
  1.322
  1.310
  1.298
  1.286
  1.273
  1.261
  1.248
  1.235
  1.223
  1.211
  1.199
  1.188
  1.177
  1.166
  1.156
  1.146
  1.136
  1.127
  1.118
  1.109
  1.101
  1.092
  1.084
  1.076
  1.068
  1.060
  1.052
  1.045
  1.037
  1.030
  1.023
  1.016
  1.009
  1.002
  0.995
  0.988
  0.981
  0.973
  0.966
  0.958
  0.951
  0.943
  0.936
  0.928
  0.920
  0.912
  0.905
  0.897
  0.890
  0.883
  0.877
  0.870
  0.864
  0.858
  0.853
  0.848
  0.844
  0.839
  0.835
  0.832
  0.828
  0.825
  0.823
  0.820
  0.817
  0.815
  0.812
  0.810
  0.808
  0.806
  0.803
  0.801
  0.799
  0.797
  0.794
  0.792
  0.790
  0.787
  0.785
  0.783
  0.780
  0.778
  0.775
  0.773
  0.770
  0.768
  0.765
  0.763
  0.760
  0.757
  0.755
  0.752
  0.749
  0.746
  0.743
  0.740
  0.737
  0.734
  0.730
  0.727
  0.723
  0.719
  0.715
  0.711
  0.707
  0.702
  0.698
  0.693
  0.689
  0.684
  0.679
  0.675
  0.670
  0.666
  0.661
  0.657
  0.653
  0.649
  0.645
  0.641
  0.637
  0.633
  0.629
  0.626
  0.622
  0.619
  0.616
  0.613
  0.610
  0.607
  0.604
  0.601
  0.599
  0.596
  0.593
  0.591
  0.588
  0.585
  0.583
  0.580
  0.577
  0.574
  0.571
  0.568
  0.565
  0.562
  0.559
  0.556
  0.553
  0.550
  0.548
  0.545
  0.543
  0.541
  0.539
  0.537
  0.535
  0.533
  0.531
  0.529
  0.528
  0.526
  0.524
  0.522
  0.520
  0.518
  0.516
  0.514
  0.511
  0.509
  0.506
  0.503
  0.501
  0.498
  0.495
  0.492
  0.490
  0.487
  0.484
  0.482
  0.479
  0.477
  0.475
  0.473
  0.471
  0.470
  0.468
  0.467
  0.466
  0.465
  0.464
  0.463
  0.463
  0.462
  0.462
  0.461
  0.461
  0.460
  0.459
  0.458
  0.457
  0.455
  0.453
  0.451
  0.449
  0.446
  0.443
  0.440
  0.436
  0.433
  0.429
  0.425
  0.421
  0.418
  0.414
  0.411
  0.407
  0.404
  0.401
  0.398
  0.396
  0.393
  0.391
  0.389
  0.387
  0.385
  0.383
  0.381
  0.379
  0.377
  0.376
  0.374
  0.372
  0.370
  0.369
  0.367
  0.366
  0.365
  0.363
  0.362
  0.361
  0.360
  0.359
  0.359
  0.358
  0.357
  0.356
  0.355
  0.355
  0.354
  0.353
  0.352
  0.350
  0.349
  0.348
  0.346
  0.345
  0.343
  0.341
  0.340
  0.338
  0.337
  0.335
  0.334
  0.332
  0.331
  0.330
  0.328
  0.327
  0.327
  0.326
  0.325
  0.325
  0.324
  0.324
  0.324
  0.324
  0.324
  0.324
  0.324
  0.324
  0.324
  0.324
  0.324
  0.324
  0.324
  0.324
  0.324
  0.323
  0.322
  0.321
  0.320
  0.319
  0.318
  0.316
  0.315
  0.313
  0.311
  0.309
  0.308
  0.306
  0.304
  0.303
  0.301
  0.300
  0.299
  0.298
  0.297
  0.297
  0.296
  0.295
  0.294
  0.293
  0.293
  0.292
  0.291
  0.290
  0.288
  0.287
  0.285
  0.284
  0.282
  0.281
  0.279
  0.278
  0.276
  0.275
  0.273
  0.271
  0.270
  0.269
  0.268
  0.266
  0.265
  0.265
  0.264
  0.263
  0.263
  0.263
  0.263
  0.263
  0.263
  0.263
  0.264
  0.264
  0.264
  0.265
  0.265
  0.265
  0.265
  0.265
  0.265
  0.265
  0.265
  0.264
  0.264
  0.263
  0.263
  0.262
  0.262
  0.261
  0.261
  0.261
  0.260
  0.260
  0.259
  0.259
  0.258
  0.257
  0.256
  0.256
  0.255
  0.253
  0.252
  0.251
  0.250
  0.248
  0.247
  0.246
  0.245
  0.244
  0.243
  0.242
  0.241
  0.240
  0.240
  0.239
  0.239
  0.239
  0.238
  0.238
  0.237
  0.237
  0.236
  0.236
  0.235
  0.235
  0.234
  0.234
  0.233
  0.232
  0.231
  0.230
  0.229
  0.228
  0.227
  0.226
  0.225
  0.224
  0.222
  0.221
  0.220
  0.218
  0.217
  0.215
  0.214
  0.213
  0.212
  0.211
  0.209
  0.209
  0.208
  0.207
  0.207
  0.206
  0.206
  0.206
  0.205
  0.205
  0.205
  0.205
  0.205
  0.205
  0.205
  0.205
  0.205
  0.204
  0.204
  0.204
  0.203
  0.202
  0.202
  0.201
  0.200
  0.200
  0.199
  0.198
  0.197
  0.196
  0.196
  0.195
  0.194
  0.193
  0.193
  0.192
  0.192
  0.191
  0.191
  0.190
  0.190
  0.190
  0.189
  0.189
  0.189
  0.189
  0.189
  0.189
  0.189
  0.189
  0.189
  0.189
  0.189
  0.189
  0.189
  0.189
  0.189
  0.189
  0.189
  0.189
  0.189
  0.189
  0.189
  0.189
  0.189
  0.189
  0.189
  0.189
  0.189
  0.189
  0.189
  0.189
  0.189
  0.189
  0.189
  0.189
  0.189
  0.189
  0.189
  0.189
  0.189
  0.189
  0.189
  0.189
  0.189
  0.189
  0.189
  0.189
  0.189
  0.189
  0.189
  0.189
  0.189
  0.189
  0.189
  0.189
  0.189
  0.189
  0.189
  0.189
  0.189
  0.189
  0.189
  0.189
  0.189
  0.189
  0.189
  0.189
  0.189
  0.189
  0.189
  0.189
  0.189
  0.189
  0.189
  0.189
  0.189
  0.190
  0.190
  0.190
  0.190
  0.190
  0.190
  0.190
  0.190
  0.190
  0.190
  0.190
  0.190
  0.190
  0.189
  0.188
  0.188
  0.187
  0.186
  0.184
  0.183
  0.181
  0.179
  0.177
  0.175
  0.173
  0.171
  0.168
  0.166
  0.164
  0.162
  0.160
  0.158
  0.156
  0.155
  0.154
  0.153
  0.152
  0.151
  0.150
  0.150
  0.150
  0.150
  0.150
  0.150
  0.150
  0.151
  0.151
  0.151
  0.152
  0.152
  0.152
  0.152
  0.153
  0.153
  0.153
  0.152
  0.152
  0.152
  0.151
  0.151
  0.150
  0.149
  0.148
  0.147
  0.146
  0.145
  0.144
  0.143
  0.142
  0.141
  0.140
  0.139
  0.138
  0.137
  0.136
  0.135
  0.134
  0.133
  0.133
  0.132
  0.132
  0.131
  0.131
  0.130
  0.130
  0.130
  0.130
  0.130
  0.130
  0.130
  0.130
  0.131
  0.131
  0.131
  0.132
  0.132
  0.133
  0.133
  0.134
  0.134
  0.135
  0.135
  0.135
  0.135
  0.136
  0.136
  0.136
  0.136
  0.136
  0.136
  0.136
  0.136
  0.136
  0.136
  0.136
  0.136
  0.136
  0.136
  0.136
  0.136
  0.136
  0.136
  0.135
  0.135
  0.135
  0.134
  0.134
  0.133
  0.132
  0.131
  0.130
  0.129
  0.128
  0.127
  0.126
  0.125
  0.125
  0.124
  0.123
  0.122
  0.122
  0.121
  0.121
  0.121
  0.120
  0.120
  0.120
  0.120
  0.120
  0.120
  0.121
  0.121
  0.121
  0.121
  0.121
  0.121
  0.121
  0.121
  0.121
  0.121
  0.121
  0.121
  0.121
  0.121
  0.121
  0.121
  0.121
  0.121
  0.121
  0.121
  0.122
  0.122
  0.122
  0.122
  0.122
  0.122
  0.122
  0.122
  0.122
  0.122
  0.122
  0.122
  0.121
  0.121
  0.121
  0.121
  0.120
  0.120
  0.120
  0.119
  0.119
  0.118
  0.117
  0.117
  0.116
  0.115
  0.114
  0.114
  0.113
  0.112
  0.111
  0.110
  0.109
  0.109
  0.108
  0.107
  0.106
  0.105
  0.105
  0.104
  0.103
  0.102
  0.102
  0.101
  0.101
  0.100
  0.100
  0.100
  0.101
  0.101
  0.102
  0.103
  0.104
  0.106
  0.107
  0.109
  0.110
  0.112
  0.113
  0.114
  0.116
  0.117
  0.118
  0.119
  0.119
  0.120
  0.120
  0.121
  0.121
  0.121
  0.121
  0.121
  0.121
  0.121
  0.121
  0.121
  0.121
  0.121
  0.121
  0.121
  0.121
  0.121
  0.121
  0.121
  0.121
  0.121
  0.121
  0.121
  0.121
  0.120
  0.120
  0.119
  0.118
  0.117
  0.116
  0.115
  0.113
  0.112
  0.110
  0.108
  0.106
  0.104
  0.102
  0.099
  0.097
  0.095
  0.094
  0.092
  0.090
  0.089
  0.088
  0.087
  0.086
  0.085
  0.085
  0.085
  0.084
  0.084
  0.084
  0.085
  0.085
  0.085
  0.086
  0.087
  0.088
  0.088
  0.089
  0.090
  0.091
  0.092
  0.093
  0.094
  0.095
  0.096
  0.097
  0.098
  0.098
  0.099
  0.099
  0.099
  0.099
  0.098
  0.098
  0.097
  0.096
  0.096
  0.095
  0.094
  0.093
  0.092
  0.092
  0.091
  0.090
  0.090
  0.089
  0.089
  0.089
  0.089
  0.089
  0.089
  0.089
  0.090
  0.090
  0.091
  0.091
  0.092
  0.092
  0.092
  0.093
  0.093
  0.093
  0.093
  0.093
  0.092
  0.092
  0.092
  0.091
  0.091
  0.090
  0.089
  0.089
  0.089
  0.088
  0.088
  0.088
  0.088
  0.088
  0.088
  0.089
  0.089
  0.090
  0.091
  0.092
  0.092
  0.093
  0.094
  0.095
  0.096
  0.097
  0.097
  0.097
  0.098
  0.098
  0.097
  0.097
  0.097
  0.096
  0.095
  0.094
  0.094
  0.093
  0.092
  0.091
  0.090
  0.090
  0.089
  0.088
  0.088
  0.087
  0.087
  0.087
  0.086
  0.086
  0.086
  0.086
  0.086
  0.086
  0.086
  0.086
  0.086
  0.086
  0.086
  0.086
  0.086
  0.086
  0.086
  0.086
  0.085
  0.085
  0.085
  0.085
  0.085
  0.085
  0.085
  0.085
  0.084
  0.084
  0.084
  0.084
  0.084
  0.084
  0.084
  0.084
  0.084
  0.084
  0.084
  0.084
  0.084
  0.084
  0.084
  0.084
  0.083
  0.083
  0.082
  0.082
  0.081
  0.081
  0.080
  0.079
  0.079
  0.078
  0.077
  0.077
  0.076
  0.075
  0.075
  0.074
  0.074
  0.073
  0.073
  0.072
  0.072
  0.071
  0.071
  0.070
  0.070
  0.070
  0.070
  0.069
  0.069
  0.069
  0.069
  0.069
  0.068
  0.068
  0.068
  0.067
  0.067
  0.066
  0.066
  0.065
  0.064
  0.064
  0.063
  0.062
  0.062
  0.061
  0.061
  0.060
  0.060
  0.059
  0.059
  0.058
  0.058
  0.058
  0.058
  0.057
  0.057
  0.057
  0.057
  0.057
  0.056
  0.056
  0.056
  0.056
  0.056
  0.056
  0.056
  0.056
  0.056
  0.056
  0.056
  0.056
  0.056
  0.056
  0.056
  0.056
  0.056
  0.056
  0.055
  0.055
  0.055
  0.055
  0.054
  0.054
  0.054
  0.053
  0.053
  0.053
  0.053
  0.053
  0.053
  0.053
  0.053
  0.053
  0.053
  0.053
  0.054
  0.054
  0.054
  0.054
  0.054
  0.054
  0.054
  0.054
  0.054
  0.054
  0.054
  0.054
  0.054
  0.054
  0.054
  0.054
  0.054
  0.054
  0.054
  0.054
  0.054
  0.054
  0.054
  0.054
  0.054
  0.054
  0.054
  0.054
  0.055
  0.055
  0.055
  0.055
  0.055
  0.055
  0.056
  0.056
  0.056
  0.056
  0.056
  0.056
  0.056
  0.056
  0.056
  0.056
  0.056
  0.056
  0.056
  0.055
  0.055
  0.055
  0.055
  0.055
  0.055
  0.055
  0.054
  0.054
  0.055
  0.055
  0.055
  0.055
  0.055
  0.055
  0.055
  0.055
  0.055
  0.055
  0.055
  0.055
  0.055
  0.055
  0.055
  0.055
  0.055
  0.055
  0.055
  0.055
  0.055
  0.054
  0.054
  0.054
  0.054
  0.054
  0.054
  0.054
  0.054
  0.054
  0.054
  0.054
  0.054
  0.053
  0.053
  0.053
  0.053
  0.053
  0.053
  0.053
  0.053
  0.052
  0.052
  0.052
  0.052
  0.052
  0.052
  0.052
  0.052
  0.052
  0.052
  0.052
  0.052
  0.052
  0.052
  0.052
  0.052
  0.052
  0.052
  0.052
  0.052
  0.052
  0.052
  0.053
  0.053
  0.053
  0.053
  0.053
  0.053
  0.053
  0.053
  0.053
  0.053
  0.053
  0.053
  0.053
  0.053
  0.053
  0.053
  0.053
  0.053
  0.053
  0.053
  0.052
  0.052
  0.052
  0.052
  0.052
  0.052
  0.052
  0.052
  0.052
  0.052
  0.052
  0.052
  0.052
  0.052
  0.052
  0.052
  0.052
  0.052
  0.052
  0.052
  0.052
  0.052
  0.052
  0.052
  0.052
  0.052
  0.052
  0.052
  0.052
  0.052
  0.052
  0.052
  0.052
  0.052
  0.052
  0.052
  0.052
  0.052
  0.052
  0.052
  0.052
  0.052
  0.052
  0.052
  0.052
  0.052
  0.052
  0.052
  0.052
  0.052
  0.052
  0.052
  0.052
  0.052
  0.052
  0.052
  0.052
  0.052
  0.052
  0.052
  0.052
  0.052
  0.052
  0.052
  0.052
  0.052
  0.052
  0.052
  0.052
  0.052
  0.052
  0.052
  0.052
  0.052
  0.052
  0.052
  0.052
  0.052
  0.052
  0.052
  0.052
  0.052
  0.052
  0.052
  0.052
  0.052
  0.052
  0.052
  0.052
  0.052
  0.052
  0.052
  0.052
  0.052
  0.052
  0.052
  0.052
  0.052
  0.052
  0.052
  0.052
  0.052
  0.052
  0.052
  0.052
  0.052
  0.052
  0.052
  0.052
  0.052
  0.052
  0.052
  0.052
  0.052
  0.052
  0.052
  0.052
  0.052
  0.052
  0.052
  0.052
  0.052
  0.052
  0.052
  0.052
  0.052
  0.052
  0.052
  0.052
  0.052
  0.052
  0.052
  0.052
  0.052
  0.052
  0.052
  0.052
  0.052
  0.052
  0.052
  0.052
  0.052
  0.052
  0.052
  0.052
  0.052
  0.052
  0.052
  0.052
  0.052
  0.052
  0.052
  0.052
  0.052
  0.052
  0.052
  0.052
  0.052
  0.052
  0.052
  0.052
  0.052
  0.052
  0.052
  0.052
  0.052
  0.052
  0.052
  0.052
  0.052
  0.052
  0.052
  0.052
  0.052
  0.052
  0.052
  0.052
  0.052
  0.052
  0.052
  0.052
  0.052
  0.052
  0.052
  0.052
  0.052
  0.052
  0.052
  0.052
  0.052
  0.052
  0.052
  0.052
  0.052
  0.052
  0.052
  0.052
  0.052
  0.052
  0.052
  0.052
  0.052
  0.052
  0.052
  0.052
  0.052
  0.052
  0.052
  0.052
  0.052
  0.052
  0.052
  0.052
  0.052
  0.052
  0.052
  0.052
  0.052
  0.052
  0.052
  0.052
  0.052
  0.052
  0.052
  0.052
  0.052
  0.052
  0.052
  0.052
  0.052
  0.052
  0.052
  0.052
  0.052
  0.052
  0.052
  0.052
  0.052
  0.052
  0.052
  0.052
  0.052
  0.052
  0.052
  0.052
  0.052
  0.052
  0.052
  0.052
  0.052
  0.052
  0.052
  0.052
  0.052
  0.052
  0.052
  0.052
  0.052
  0.052
  0.052
  0.052
  0.052
  0.052
  0.052
  0.052
  0.052
  0.052
  0.052
  0.052
  0.052
  0.052
  0.052
  0.052
  0.052
  0.052
  0.052
  0.052
  0.052
  0.052
  0.052
  0.052
  0.052
  0.052
  0.052
  0.052
  0.052
  0.052
  0.052
  0.052
  0.052
  0.052
  0.052
  0.052
  0.052
  0.052
  0.052
  0.052
  0.052
  0.052
  0.052
  0.052
  0.052
  0.052
  0.052
  0.052
  0.052
  0.052
  0.052
  0.052
  0.052
  0.052
  0.052
  0.052
  0.052
  0.052
  0.052
  0.052
  0.052
  0.052
  0.052
  0.052
  0.052
  0.052
  0.052
  0.052
  0.052
  0.052
  0.052
  0.052
  0.052
  0.052
  0.052
  0.052
  0.052
  0.052
  0.052
  0.052
  0.052
  0.052
  0.052
  0.052
  0.052
  0.052
  0.052
  0.052
  0.052
  0.052
  0.052
  0.052
  0.052
  0.052
  0.052
  0.052
  0.052
  0.052
  0.052
  0.052
  0.052
  0.052
  0.052
  0.052
  0.052
  0.052
  0.052
  0.052
  0.052
  0.052
  0.052
  0.053
  0.053
  0.053
  0.053
  0.053
  0.053
  0.053
  0.052
  0.052
  0.052
  0.052
  0.051
  0.051
  0.050
  0.050
  0.049
  0.048
  0.047
  0.046
  0.046
  0.045
  0.044
  0.043
  0.043
  0.042
  0.042
  0.042
  0.042
  0.042
  0.043
  0.043
  0.044
  0.044
  0.045
  0.045
  0.045
  0.046
  0.046
  0.046
  0.046
  0.045
  0.045
  0.045
  0.044
  0.044
  0.043
  0.043
  0.043
  0.043
  0.043
  0.043
  0.043
  0.043
  0.043
  0.043
  0.043
  0.043
  0.043
  0.042
  0.041
  0.040
  0.040
  0.039
  0.038
  0.037
  0.037
  0.036
  0.035
  0.035
  0.034
  0.033
  0.032
  0.032
  0.031
  0.030
  0.029
  0.029
  0.028
  0.027
  0.027
  0.026
  0.025
  0.024
  0.024
  0.023
  0.022
  0.022
  0.021
  0.020
  0.019
  0.019
  0.018
  0.017
  0.017
  0.016
  0.015
  0.014
  0.014
  0.013
  0.012
  0.011
  0.011
  0.010
  0.009
  0.009
  0.008
  0.007
  0.006
  0.006
  0.005
  0.004
  0.004
  0.003
  0.002
  0.001
  0.001
