  0.000
  0.000
  0.000
  0.000
  0.000
  0.000
  0.000
  0.000
  0.000
  0.000
  0.000
  0.000
  0.000
  0.000
  0.000
  0.000
  0.000
  0.000
  0.000
  0.000
  0.000
  0.000
  0.000
  0.000
  0.000
  0.000
  0.000
  0.000
  0.000
  0.000
  0.000
  0.000
  0.000
  0.000
  0.000
  0.000
  0.000
  0.000
  0.000
  0.000
  0.000
  0.000
  0.000
  0.000
  0.000
  0.000
  0.000
  0.000
  0.000
  0.000
  0.000
  0.000
  0.000
  0.000
  0.000
  0.000
  0.000
  0.001
  0.001
  0.001
  0.001
  0.001
  0.001
  0.001
  0.001
  0.001
  0.001
  0.000
  0.000
  0.000
  0.000
  0.000
  0.000
  0.000
  0.000
  0.000
  0.000
  0.000
  0.000
  0.000
  0.000
  0.000
  0.000
  0.000
  0.000
  0.000
  0.000
  0.000
  0.000
  0.002
  0.009
  0.017
  0.027
  0.039
  0.053
  0.069
  0.087
  0.108
  0.131
  0.156
  0.184
  0.215
  0.248
  0.283
  0.321
  0.362
  0.404
  0.449
  0.496
  0.545
  0.596
  0.649
  0.703
  0.759
  0.816
  0.874
  0.933
  0.994
  1.055
  1.116
  1.179
  1.241
  1.304
  1.368
  1.431
  1.495
  1.558
  1.621
  1.684
  1.746
  1.808
  1.869
  1.930
  1.989
  2.048
  2.106
  2.162
  2.217
  2.270
  2.322
  2.372
  2.421
  2.467
  2.511
  2.553
  2.592
  2.630
  2.665
  2.698
  2.728
  2.757
  2.784
  2.808
  2.832
  2.853
  2.874
  2.893
  2.911
  2.928
  2.944
  2.960
  2.975
  2.990
  3.004
  3.018
  3.031
  3.044
  3.057
  3.069
  3.081
  3.092
  3.104
  3.115
  3.125
  3.136
  3.147
  3.158
  3.169
  3.180
  3.191
  3.203
  3.216
  3.228
  3.242
  3.256
  3.270
  3.285
  3.300
  3.316
  3.332
  3.349
  3.365
  3.382
  3.398
  3.414
  3.431
  3.446
  3.462
  3.476
  3.491
  3.504
  3.517
  3.529
  3.541
  3.551
  3.561
  3.570
  3.578
  3.585
  3.592
  3.598
  3.604
  3.608
  3.613
  3.616
  3.620
  3.622
  3.625
  3.627
  3.628
  3.629
  3.630
  3.630
  3.630
  3.629
  3.628
  3.627
  3.624
  3.621
  3.618
  3.613
  3.608
  3.601
  3.594
  3.585
  3.575
  3.564
  3.551
  3.538
  3.523
  3.508
  3.491
  3.474
  3.455
  3.436
  3.417
  3.397
  3.376
  3.355
  3.334
  3.312
  3.290
  3.267
  3.244
  3.221
  3.198
  3.174
  3.151
  3.127
  3.104
  3.081
  3.058
  3.035
  3.013
  2.991
  2.971
  2.951
  2.933
  2.915
  2.899
  2.884
  2.870
  2.858
  2.847
  2.837
  2.829
  2.823
  2.817
  2.814
  2.811
  2.810
  2.810
  2.812
  2.814
  2.818
  2.822
  2.827
  2.834
  2.840
  2.848
  2.856
  2.863
  2.872
  2.880
  2.887
  2.895
  2.902
  2.908
  2.913
  2.918
  2.921
  2.924
  2.925
  2.925
  2.924
  2.922
  2.918
  2.914
  2.908
  2.902
  2.894
  2.886
  2.877
  2.867
  2.857
  2.846
  2.835
  2.823
  2.812
  2.800
  2.788
  2.775
  2.762
  2.749
  2.736
  2.723
  2.709
  2.694
  2.680
  2.665
  2.649
  2.633
  2.617
  2.600
  2.582
  2.564
  2.546
  2.527
  2.507
  2.487
  2.467
  2.446
  2.425
  2.405
  2.383
  2.362
  2.341
  2.321
  2.300
  2.279
  2.259
  2.239
  2.220
  2.201
  2.182
  2.164
  2.146
  2.129
  2.112
  2.095
  2.079
  2.063
  2.048
  2.033
  2.019
  2.005
  1.992
  1.979
  1.967
  1.955
  1.944
  1.934
  1.924
  1.915
  1.906
  1.898
  1.891
  1.884
  1.877
  1.871
  1.865
  1.860
  1.854
  1.849
  1.844
  1.839
  1.833
  1.828
  1.823
  1.818
  1.812
  1.807
  1.802
  1.797
  1.792
  1.787
  1.782
  1.777
  1.772
  1.768
  1.763
  1.758
  1.753
  1.748
  1.743
  1.737
  1.730
  1.723
  1.716
  1.707
  1.699
  1.689
  1.679
  1.669
  1.658
  1.646
  1.634
  1.622
  1.609
  1.596
  1.582
  1.568
  1.554
  1.540
  1.525
  1.511
  1.496
  1.481
  1.467
  1.453
  1.439
  1.425
  1.412
  1.399
  1.386
  1.375
  1.364
  1.353
  1.344
  1.334
  1.326
  1.318
  1.311
  1.305
  1.299
  1.294
  1.290
  1.286
  1.283
  1.281
  1.280
  1.279
  1.279
  1.280
  1.281
  1.283
  1.285
  1.288
  1.291
  1.294
  1.298
  1.302
  1.306
  1.309
  1.313
  1.316
  1.319
  1.322
  1.324
  1.326
  1.327
  1.327
  1.326
  1.325
  1.323
  1.320
  1.316
  1.312
  1.306
  1.300
  1.293
  1.286
  1.278
  1.269
  1.260
  1.250
  1.240
  1.230
  1.220
  1.209
  1.198
  1.188
  1.177
  1.166
  1.156
  1.146
  1.135
  1.125
  1.115
  1.106
  1.096
  1.086
  1.077
  1.067
  1.058
  1.049
  1.040
  1.031
  1.022
  1.014
  1.005
  0.997
  0.990
  0.982
  0.975
  0.969
  0.963
  0.957
  0.951
  0.946
  0.942
  0.937
  0.933
  0.929
  0.925
  0.921
  0.918
  0.914
  0.910
  0.907
  0.903
  0.899
  0.895
  0.892
  0.887
  0.883
  0.879
  0.874
  0.870
  0.865
  0.860
  0.855
  0.850
  0.845
  0.840
  0.835
  0.829
  0.824
  0.818
  0.812
  0.806
  0.800
  0.793
  0.786
  0.780
  0.773
  0.766
  0.758
  0.751
  0.744
  0.737
  0.730
  0.723
  0.716
  0.709
  0.703
  0.697
  0.691
  0.686
  0.680
  0.675
  0.670
  0.665
  0.661
  0.656
  0.651
  0.646
  0.641
  0.636
  0.631
  0.627
  0.622
  0.617
  0.612
  0.607
  0.603
  0.598
  0.594
  0.590
  0.586
  0.583
  0.579
  0.576
  0.573
  0.570
  0.567
  0.564
  0.562
  0.559
  0.557
  0.554
  0.552
  0.550
  0.548
  0.546
  0.544
  0.542
  0.541
  0.539
  0.538
  0.537
  0.535
  0.534
  0.533
  0.533
  0.532
  0.531
  0.531
  0.530
  0.530
  0.530
  0.529
  0.529
  0.529
  0.529
  0.529
  0.529
  0.529
  0.529
  0.529
  0.529
  0.529
  0.529
  0.530
  0.530
  0.530
  0.530
  0.530
  0.530
  0.531
  0.531
  0.531
  0.532
  0.532
  0.532
  0.533
  0.533
  0.534
  0.534
  0.534
  0.535
  0.535
  0.535
  0.535
  0.535
  0.535
  0.535
  0.535
  0.535
  0.535
  0.535
  0.535
  0.535
  0.535
  0.534
  0.534
  0.534
  0.534
  0.534
  0.534
  0.534
  0.533
  0.533
  0.533
  0.533
  0.533
  0.532
  0.532
  0.531
  0.531
  0.530
  0.528
  0.527
  0.525
  0.523
  0.521
  0.519
  0.516
  0.513
  0.510
  0.507
  0.503
  0.500
  0.496
  0.493
  0.490
  0.486
  0.483
  0.480
  0.478
  0.475
  0.473
  0.471
  0.470
  0.468
  0.467
  0.466
  0.466
  0.465
  0.465
  0.464
  0.464
  0.464
  0.463
  0.463
  0.463
  0.462
  0.462
  0.462
  0.461
  0.460
  0.460
  0.459
  0.458
  0.457
  0.456
  0.456
  0.455
  0.455
  0.455
  0.455
  0.455
  0.455
  0.455
  0.456
  0.457
  0.457
  0.458
  0.459
  0.460
  0.461
  0.462
  0.463
  0.463
  0.464
  0.464
  0.465
  0.465
  0.465
  0.465
  0.465
  0.465
  0.465
  0.466
  0.466
  0.466
  0.465
  0.465
  0.465
  0.465
  0.466
  0.466
  0.466
  0.466
  0.466
  0.466
  0.466
  0.466
  0.466
  0.466
  0.467
  0.467
  0.467
  0.467
  0.467
  0.466
  0.466
  0.465
  0.465
  0.464
  0.463
  0.461
  0.460
  0.458
  0.456
  0.454
  0.452
  0.449
  0.446
  0.444
  0.441
  0.438
  0.435
  0.432
  0.429
  0.426
  0.423
  0.421
  0.418
  0.416
  0.413
  0.411
  0.409
  0.408
  0.406
  0.405
  0.403
  0.402
  0.401
  0.400
  0.400
  0.399
  0.398
  0.397
  0.396
  0.396
  0.395
  0.394
  0.393
  0.392
  0.391
  0.389
  0.388
  0.387
  0.385
  0.384
  0.382
  0.381
  0.379
  0.377
  0.376
  0.374
  0.373
  0.371
  0.370
  0.369
  0.368
  0.367
  0.366
  0.365
  0.364
  0.364
  0.363
  0.363
  0.362
  0.362
  0.362
  0.361
  0.361
  0.361
  0.360
  0.360
  0.359
  0.359
  0.358
  0.358
  0.357
  0.356
  0.356
  0.355
  0.354
  0.353
  0.352
  0.351
  0.351
  0.350
  0.348
  0.347
  0.346
  0.345
  0.344
  0.343
  0.342
  0.341
  0.340
  0.339
  0.338
  0.338
  0.337
  0.337
  0.336
  0.336
  0.336
  0.337
  0.337
  0.337
  0.338
  0.339
  0.340
  0.340
  0.341
  0.342
  0.343
  0.344
  0.345
  0.345
  0.346
  0.346
  0.346
  0.347
  0.347
  0.347
  0.347
  0.346
  0.346
  0.346
  0.345
  0.345
  0.344
  0.344
  0.343
  0.343
  0.342
  0.342
  0.341
  0.341
  0.341
  0.340
  0.340
  0.340
  0.340
  0.339
  0.339
  0.338
  0.338
  0.337
  0.336
  0.335
  0.334
  0.333
  0.331
  0.330
  0.328
  0.326
  0.324
  0.321
  0.319
  0.316
  0.314
  0.311
  0.308
  0.305
  0.303
  0.300
  0.297
  0.294
  0.292
  0.289
  0.287
  0.285
  0.282
  0.280
  0.278
  0.276
  0.274
  0.273
  0.271
  0.270
  0.269
  0.268
  0.267
  0.266
  0.265
  0.265
  0.264
  0.264
  0.263
  0.263
  0.263
  0.263
  0.263
  0.263
  0.263
  0.263
  0.263
  0.263
  0.263
  0.264
  0.264
  0.264
  0.264
  0.264
  0.264
  0.264
  0.264
  0.264
  0.264
  0.264
  0.264
  0.264
  0.264
  0.264
  0.264
  0.264
  0.264
  0.264
  0.264
  0.264
  0.264
  0.264
  0.264
  0.264
  0.264
  0.264
  0.264
  0.264
  0.264
  0.264
  0.264
  0.264
  0.264
  0.264
  0.264
  0.264
  0.264
  0.264
  0.264
  0.264
  0.264
  0.264
  0.264
  0.264
  0.264
  0.264
  0.264
  0.264
  0.264
  0.264
  0.264
  0.264
  0.264
  0.264
  0.264
  0.264
  0.264
  0.264
  0.264
  0.264
  0.264
  0.264
  0.264
  0.264
  0.264
  0.264
  0.264
  0.264
  0.264
  0.264
  0.264
  0.264
  0.264
  0.264
  0.264
  0.263
  0.263
  0.263
  0.263
  0.263
  0.263
  0.263
  0.263
  0.263
  0.263
  0.264
  0.264
  0.265
  0.265
  0.266
  0.267
  0.267
  0.269
  0.270
  0.271
  0.272
  0.274
  0.275
  0.277
  0.278
  0.280
  0.281
  0.283
  0.284
  0.285
  0.286
  0.288
  0.289
  0.290
  0.291
  0.292
  0.293
  0.294
  0.295
  0.296
  0.297
  0.299
  0.300
  0.301
  0.302
  0.303
  0.305
  0.306
  0.308
  0.309
  0.311
  0.312
  0.314
  0.315
  0.317
  0.319
  0.320
  0.322
  0.323
  0.325
  0.326
  0.327
  0.328
  0.329
  0.330
  0.331
  0.331
  0.332
  0.332
  0.332
  0.332
  0.332
  0.333
  0.333
  0.333
  0.333
  0.333
  0.333
  0.333
  0.333
  0.333
  0.332
  0.332
  0.332
  0.332
  0.331
  0.331
  0.330
  0.329
  0.328
  0.327
  0.325
  0.324
  0.322
  0.320
  0.319
  0.317
  0.315
  0.313
  0.311
  0.309
  0.308
  0.306
  0.305
  0.303
  0.302
  0.301
  0.300
  0.299
  0.299
  0.298
  0.297
  0.297
  0.296
  0.296
  0.295
  0.294
  0.294
  0.293
  0.292
  0.291
  0.290
  0.289
  0.287
  0.286
  0.285
  0.284
  0.282
  0.281
  0.279
  0.278
  0.277
  0.276
  0.274
  0.273
  0.272
  0.271
  0.270
  0.269
  0.268
  0.268
  0.267
  0.266
  0.266
  0.265
  0.265
  0.265
  0.264
  0.264
  0.264
  0.264
  0.264
  0.264
  0.263
  0.263
  0.263
  0.263
  0.264
  0.264
  0.264
  0.264
  0.264
  0.264
  0.264
  0.264
  0.264
  0.264
  0.264
  0.264
  0.264
  0.264
  0.264
  0.264
  0.265
  0.265
  0.265
  0.265
  0.265
  0.266
  0.266
  0.266
  0.266
  0.267
  0.267
  0.267
  0.267
  0.266
  0.266
  0.265
  0.264
  0.263
  0.262
  0.260
  0.258
  0.255
  0.252
  0.249
  0.246
  0.242
  0.238
  0.234
  0.230
  0.226
  0.222
  0.218
  0.215
  0.212
  0.209
  0.206
  0.204
  0.202
  0.200
  0.199
  0.197
  0.197
  0.196
  0.196
  0.196
  0.195
  0.195
  0.196
  0.196
  0.196
  0.196
  0.197
  0.197
  0.197
  0.198
  0.198
  0.198
  0.198
  0.198
  0.199
  0.199
  0.199
  0.199
  0.199
  0.199
  0.199
  0.198
  0.198
  0.197
  0.197
  0.196
  0.196
  0.195
  0.194
  0.193
  0.192
  0.191
  0.190
  0.188
  0.187
  0.186
  0.185
  0.184
  0.182
  0.181
  0.180
  0.179
  0.178
  0.177
  0.176
  0.175
  0.173
  0.172
  0.171
  0.171
  0.170
  0.169
  0.168
  0.167
  0.167
  0.166
  0.165
  0.164
  0.164
  0.163
  0.162
  0.161
  0.160
  0.159
  0.159
  0.157
  0.156
  0.155
  0.154
  0.153
  0.152
  0.151
  0.150
  0.150
  0.149
  0.148
  0.148
  0.147
  0.147
  0.147
  0.147
  0.147
  0.147
  0.147
  0.147
  0.147
  0.148
  0.148
  0.148
  0.149
  0.149
  0.149
  0.150
  0.150
  0.150
  0.150
  0.151
  0.151
  0.151
  0.151
  0.151
  0.151
  0.151
  0.151
  0.151
  0.152
  0.152
  0.152
  0.152
  0.152
  0.153
  0.153
  0.153
  0.153
  0.154
  0.154
  0.154
  0.154
  0.154
  0.154
  0.154
  0.154
  0.154
  0.154
  0.153
  0.153
  0.152
  0.152
  0.151
  0.150
  0.150
  0.149
  0.148
  0.148
  0.147
  0.146
  0.146
  0.145
  0.144
  0.143
  0.143
  0.142
  0.141
  0.141
  0.140
  0.140
  0.139
  0.139
  0.138
  0.138
  0.137
  0.137
  0.137
  0.137
  0.137
  0.136
  0.136
  0.136
  0.136
  0.136
  0.135
  0.135
  0.135
  0.134
  0.134
  0.134
  0.134
  0.133
  0.133
  0.133
  0.133
  0.133
  0.133
  0.133
  0.132
  0.132
  0.132
  0.131
  0.131
  0.130
  0.130
  0.129
  0.127
  0.126
  0.125
  0.123
  0.121
  0.119
  0.117
  0.114
  0.112
  0.109
  0.107
  0.104
  0.102
  0.099
  0.097
  0.095
  0.093
  0.091
  0.089
  0.087
  0.086
  0.085
  0.084
  0.084
  0.084
  0.084
  0.084
  0.084
  0.085
  0.086
  0.087
  0.089
  0.090
  0.092
  0.094
  0.096
  0.098
  0.100
  0.102
  0.104
  0.106
  0.109
  0.111
  0.113
  0.115
  0.117
  0.118
  0.120
  0.122
  0.123
  0.125
  0.126
  0.127
  0.128
  0.129
  0.129
  0.130
  0.131
  0.131
  0.131
  0.132
  0.132
  0.132
  0.132
  0.132
  0.132
  0.132
  0.131
  0.131
  0.131
  0.131
  0.131
  0.131
  0.131
  0.131
  0.131
  0.131
  0.131
  0.132
  0.132
  0.132
  0.133
  0.133
  0.134
  0.134
  0.135
  0.136
  0.136
  0.137
  0.138
  0.139
  0.140
  0.141
  0.141
  0.142
  0.143
  0.144
  0.145
  0.146
  0.147
  0.148
  0.149
  0.149
  0.150
  0.151
  0.152
  0.152
  0.153
  0.154
  0.154
  0.155
  0.155
  0.156
  0.156
  0.157
  0.157
  0.158
  0.158
  0.159
  0.160
  0.160
  0.161
  0.161
  0.162
  0.162
  0.163
  0.163
  0.164
  0.164
  0.164
  0.165
  0.165
  0.165
  0.165
  0.165
  0.165
  0.165
  0.165
  0.165
  0.165
  0.165
  0.165
  0.165
  0.165
  0.165
  0.165
  0.165
  0.165
  0.165
  0.165
  0.165
  0.165
  0.165
  0.165
  0.165
  0.165
  0.165
  0.165
  0.165
  0.165
  0.165
  0.165
  0.165
  0.165
  0.165
  0.166
  0.166
  0.166
  0.166
  0.166
  0.166
  0.166
  0.166
  0.166
  0.166
  0.166
  0.165
  0.165
  0.164
  0.164
  0.163
  0.162
  0.161
  0.160
  0.158
  0.157
  0.155
  0.154
  0.152
  0.150
  0.148
  0.147
  0.145
  0.143
  0.141
  0.140
  0.138
  0.137
  0.136
  0.135
  0.134
  0.133
  0.132
  0.132
  0.131
  0.131
  0.131
  0.131
  0.130
  0.130
  0.130
  0.130
  0.130
  0.130
  0.130
  0.130
  0.131
  0.131
  0.131
  0.131
  0.131
  0.131
  0.131
  0.131
  0.131
  0.131
  0.131
  0.131
  0.131
  0.131
  0.131
  0.131
  0.131
  0.131
  0.131
  0.131
  0.131
  0.131
  0.131
  0.131
  0.131
  0.131
  0.131
  0.131
  0.131
  0.131
  0.131
  0.131
  0.131
  0.131
  0.131
  0.131
  0.131
  0.131
  0.131
  0.131
  0.131
  0.131
  0.131
  0.131
  0.131
  0.131
  0.131
  0.131
  0.131
  0.131
  0.131
  0.131
  0.131
  0.131
  0.131
  0.131
  0.131
  0.131
  0.131
  0.131
  0.131
  0.131
  0.131
  0.131
  0.131
  0.131
  0.131
  0.131
  0.131
  0.131
  0.131
  0.131
  0.131
  0.131
  0.131
  0.131
  0.131
  0.131
  0.131
  0.131
  0.131
  0.131
  0.131
  0.131
  0.131
  0.131
  0.131
  0.131
  0.131
  0.131
  0.131
  0.132
  0.132
  0.132
  0.132
  0.132
  0.132
  0.132
  0.132
  0.132
  0.132
  0.132
  0.132
  0.132
  0.132
  0.131
  0.131
  0.130
  0.129
  0.128
  0.127
  0.125
  0.123
  0.122
  0.120
  0.118
  0.116
  0.113
  0.111
  0.109
  0.106
  0.104
  0.101
  0.099
  0.097
  0.095
  0.093
  0.091
  0.089
  0.087
  0.086
  0.085
  0.083
  0.083
  0.082
  0.081
  0.081
  0.081
  0.081
  0.081
  0.081
  0.082
  0.082
  0.082
  0.082
  0.082
  0.082
  0.082
  0.081
  0.081
  0.080
  0.080
  0.079
  0.078
  0.077
  0.076
  0.075
  0.074
  0.073
  0.071
  0.070
  0.069
  0.068
  0.068
  0.067
  0.066
  0.066
  0.066
  0.066
  0.066
  0.066
  0.066
  0.067
  0.067
  0.068
  0.069
  0.070
  0.071
  0.072
  0.073
  0.075
  0.076
  0.078
  0.079
  0.080
  0.082
  0.083
  0.085
  0.086
  0.088
  0.089
  0.090
  0.092
  0.093
  0.094
  0.095
  0.096
  0.097
  0.097
  0.098
  0.098
  0.099
  0.099
  0.099
  0.100
  0.100
  0.100
  0.100
  0.100
  0.100
  0.100
  0.100
  0.100
  0.099
  0.099
  0.099
  0.099
  0.099
  0.099
  0.099
  0.099
  0.099
  0.099
  0.099
  0.099
  0.099
  0.099
  0.099
  0.099
  0.099
  0.099
  0.099
  0.099
  0.099
  0.098
  0.098
  0.098
  0.098
  0.097
  0.097
  0.097
  0.097
  0.097
  0.096
  0.096
  0.096
  0.096
  0.096
  0.096
  0.096
  0.097
  0.097
  0.097
  0.097
  0.098
  0.098
  0.098
  0.098
  0.099
  0.099
  0.099
  0.099
  0.099
  0.099
  0.099
  0.099
  0.100
  0.100
  0.100
  0.100
  0.100
  0.100
  0.099
  0.097
  0.095
  0.093
  0.091
  0.089
  0.088
  0.086
  0.085
  0.083
  0.081
  0.080
  0.078
  0.076
  0.075
  0.073
  0.071
  0.070
  0.068
  0.066
  0.065
  0.063
  0.061
  0.060
  0.058
  0.056
  0.055
  0.053
  0.051
  0.050
  0.048
  0.046
  0.045
  0.043
  0.041
  0.040
  0.038
  0.037
  0.035
  0.033
  0.032
  0.030
  0.028
  0.027
  0.025
  0.023
  0.022
  0.020
  0.018
  0.017
  0.015
  0.013
  0.012
  0.010
  0.008
  0.007
  0.005
  0.003
  0.002
