  0.000
  0.000
  0.001
  0.001
  0.001
  0.001
  0.001
  0.001
  0.001
  0.001
  0.001
  0.001
  0.001
  0.001
  0.001
  0.001
  0.001
  0.001
  0.001
  0.000
  0.000
  0.000
  0.000
  0.000
  0.000
  0.000
  0.000
  0.000
  0.000
  0.000
  0.000
  0.000
  0.000
  0.000
  0.000
  0.000
  0.000
  0.000
  0.000
  0.000
  0.000
  0.000
  0.000
  0.000
  0.000
  0.000
  0.000
  0.000
  0.000
  0.000
  0.000
  0.000
  0.000
  0.000
  0.000
  0.000
  0.001
  0.001
  0.001
  0.001
  0.001
  0.001
  0.002
  0.002
  0.002
  0.002
  0.002
  0.002
  0.001
  0.001
  0.001
  0.000
  0.000
  0.000
  0.000
  0.000
  0.000
  0.000
  0.000
  0.000
  0.000
  0.000
  0.000
  0.000
  0.000
  0.000
  0.000
  0.000
  0.000
  0.000
  0.000
  0.008
  0.023
  0.042
  0.066
  0.095
  0.129
  0.169
  0.216
  0.270
  0.331
  0.399
  0.476
  0.560
  0.651
  0.750
  0.856
  0.969
  1.088
  1.212
  1.340
  1.472
  1.605
  1.740
  1.875
  2.007
  2.137
  2.263
  2.384
  2.497
  2.603
  2.700
  2.787
  2.864
  2.929
  2.984
  3.027
  3.058
  3.078
  3.088
  3.088
  3.079
  3.061
  3.036
  3.006
  2.970
  2.930
  2.887
  2.842
  2.796
  2.750
  2.703
  2.658
  2.613
  2.570
  2.529
  2.490
  2.453
  2.418
  2.385
  2.355
  2.326
  2.299
  2.274
  2.251
  2.228
  2.207
  2.186
  2.166
  2.146
  2.127
  2.107
  2.086
  2.066
  2.044
  2.022
  1.999
  1.975
  1.950
  1.925
  1.900
  1.875
  1.850
  1.828
  1.807
  1.789
  1.774
  1.763
  1.755
  1.751
  1.750
  1.752
  1.756
  1.762
  1.769
  1.775
  1.780
  1.783
  1.783
  1.781
  1.776
  1.767
  1.755
  1.741
  1.724
  1.705
  1.685
  1.664
  1.642
  1.620
  1.598
  1.576
  1.556
  1.537
  1.520
  1.506
  1.493
  1.484
  1.477
  1.473
  1.471
  1.472
  1.474
  1.478
  1.482
  1.487
  1.491
  1.494
  1.496
  1.496
  1.495
  1.491
  1.485
  1.477
  1.468
  1.456
  1.443
  1.429
  1.414
  1.398
  1.381
  1.365
  1.349
  1.334
  1.319
  1.305
  1.293
  1.282
  1.273
  1.265
  1.259
  1.253
  1.249
  1.246
  1.244
  1.243
  1.242
  1.242
  1.241
  1.241
  1.241
  1.241
  1.240
  1.240
  1.239
  1.237
  1.235
  1.233
  1.230
  1.227
  1.223
  1.219
  1.215
  1.210
  1.205
  1.199
  1.193
  1.187
  1.181
  1.174
  1.168
  1.161
  1.155
  1.149
  1.144
  1.138
  1.133
  1.129
  1.125
  1.121
  1.117
  1.114
  1.110
  1.107
  1.104
  1.101
  1.097
  1.094
  1.090
  1.086
  1.081
  1.077
  1.072
  1.066
  1.061
  1.056
  1.050
  1.045
  1.040
  1.035
  1.030
  1.026
  1.022
  1.019
  1.016
  1.013
  1.011
  1.010
  1.009
  1.008
  1.008
  1.007
  1.007
  1.007
  1.006
  1.005
  1.003
  1.001
  0.999
  0.996
  0.993
  0.990
  0.986
  0.981
  0.977
  0.972
  0.967
  0.963
  0.958
  0.953
  0.948
  0.944
  0.939
  0.935
  0.931
  0.926
  0.922
  0.918
  0.913
  0.909
  0.904
  0.898
  0.893
  0.887
  0.881
  0.875
  0.870
  0.864
  0.859
  0.855
  0.851
  0.849
  0.848
  0.848
  0.849
  0.851
  0.854
  0.859
  0.864
  0.869
  0.875
  0.881
  0.887
  0.894
  0.900
  0.905
  0.911
  0.915
  0.920
  0.923
  0.926
  0.928
  0.929
  0.929
  0.927
  0.924
  0.919
  0.913
  0.905
  0.897
  0.887
  0.877
  0.866
  0.855
  0.844
  0.835
  0.826
  0.818
  0.812
  0.806
  0.802
  0.799
  0.796
  0.794
  0.793
  0.792
  0.792
  0.791
  0.791
  0.791
  0.792
  0.792
  0.793
  0.793
  0.794
  0.795
  0.796
  0.796
  0.796
  0.797
  0.796
  0.796
  0.795
  0.794
  0.792
  0.791
  0.788
  0.786
  0.783
  0.779
  0.775
  0.771
  0.766
  0.761
  0.755
  0.750
  0.743
  0.737
  0.731
  0.725
  0.719
  0.713
  0.708
  0.703
  0.699
  0.696
  0.693
  0.692
  0.691
  0.690
  0.690
  0.690
  0.690
  0.690
  0.690
  0.689
  0.689
  0.688
  0.686
  0.685
  0.683
  0.681
  0.679
  0.677
  0.675
  0.672
  0.669
  0.666
  0.663
  0.659
  0.655
  0.652
  0.648
  0.644
  0.641
  0.637
  0.634
  0.631
  0.628
  0.625
  0.623
  0.620
  0.618
  0.616
  0.614
  0.612
  0.610
  0.609
  0.608
  0.607
  0.607
  0.607
  0.607
  0.608
  0.610
  0.612
  0.614
  0.617
  0.620
  0.624
  0.627
  0.631
  0.634
  0.636
  0.638
  0.639
  0.638
  0.637
  0.635
  0.632
  0.629
  0.625
  0.621
  0.617
  0.613
  0.609
  0.606
  0.602
  0.598
  0.595
  0.592
  0.589
  0.586
  0.583
  0.582
  0.580
  0.580
  0.580
  0.581
  0.582
  0.583
  0.584
  0.585
  0.585
  0.584
  0.582
  0.579
  0.574
  0.568
  0.561
  0.553
  0.546
  0.538
  0.531
  0.525
  0.521
  0.517
  0.516
  0.516
  0.517
  0.520
  0.524
  0.530
  0.536
  0.542
  0.548
  0.555
  0.561
  0.566
  0.570
  0.574
  0.576
  0.577
  0.577
  0.576
  0.573
  0.569
  0.565
  0.559
  0.552
  0.545
  0.537
  0.529
  0.521
  0.513
  0.505
  0.498
  0.491
  0.485
  0.480
  0.476
  0.473
  0.472
  0.472
  0.473
  0.476
  0.480
  0.485
  0.491
  0.497
  0.504
  0.511
  0.518
  0.524
  0.530
  0.535
  0.539
  0.542
  0.544
  0.545
  0.544
  0.542
  0.539
  0.534
  0.529
  0.523
  0.516
  0.509
  0.501
  0.493
  0.485
  0.477
  0.470
  0.463
  0.456
  0.450
  0.446
  0.442
  0.439
  0.437
  0.437
  0.437
  0.439
  0.442
  0.445
  0.449
  0.454
  0.460
  0.465
  0.470
  0.475
  0.479
  0.483
  0.485
  0.487
  0.488
  0.488
  0.486
  0.484
  0.482
  0.479
  0.477
  0.474
  0.472
  0.469
  0.468
  0.466
  0.466
  0.465
  0.464
  0.464
  0.463
  0.463
  0.462
  0.461
  0.459
  0.458
  0.456
  0.453
  0.451
  0.449
  0.446
  0.443
  0.441
  0.438
  0.435
  0.431
  0.428
  0.424
  0.420
  0.416
  0.412
  0.408
  0.404
  0.400
  0.396
  0.393
  0.390
  0.387
  0.385
  0.383
  0.382
  0.381
  0.381
  0.382
  0.383
  0.385
  0.388
  0.391
  0.394
  0.398
  0.402
  0.406
  0.410
  0.414
  0.417
  0.420
  0.422
  0.423
  0.424
  0.423
  0.422
  0.420
  0.417
  0.414
  0.410
  0.405
  0.400
  0.395
  0.390
  0.386
  0.381
  0.377
  0.374
  0.370
  0.368
  0.366
  0.364
  0.363
  0.362
  0.362
  0.362
  0.362
  0.362
  0.363
  0.363
  0.363
  0.363
  0.363
  0.363
  0.362
  0.361
  0.360
  0.359
  0.357
  0.356
  0.354
  0.352
  0.350
  0.348
  0.346
  0.344
  0.343
  0.342
  0.340
  0.340
  0.339
  0.339
  0.339
  0.339
  0.339
  0.339
  0.340
  0.340
  0.341
  0.342
  0.342
  0.343
  0.343
  0.344
  0.344
  0.345
  0.345
  0.345
  0.346
  0.346
  0.346
  0.346
  0.346
  0.346
  0.346
  0.347
  0.347
  0.347
  0.347
  0.347
  0.347
  0.347
  0.347
  0.346
  0.346
  0.346
  0.345
  0.345
  0.344
  0.343
  0.342
  0.341
  0.340
  0.338
  0.336
  0.335
  0.332
  0.330
  0.328
  0.325
  0.323
  0.320
  0.318
  0.315
  0.312
  0.309
  0.307
  0.304
  0.302
  0.300
  0.297
  0.295
  0.293
  0.292
  0.290
  0.288
  0.287
  0.286
  0.285
  0.284
  0.283
  0.282
  0.281
  0.280
  0.280
  0.279
  0.279
  0.278
  0.278
  0.277
  0.277
  0.277
  0.276
  0.276
  0.276
  0.276
  0.276
  0.276
  0.276
  0.276
  0.276
  0.276
  0.276
  0.276
  0.276
  0.276
  0.276
  0.276
  0.275
  0.275
  0.275
  0.275
  0.274
  0.274
  0.274
  0.273
  0.273
  0.273
  0.273
  0.273
  0.273
  0.273
  0.273
  0.273
  0.273
  0.273
  0.274
  0.274
  0.274
  0.275
  0.275
  0.276
  0.276
  0.277
  0.278
  0.278
  0.278
  0.279
  0.279
  0.279
  0.279
  0.279
  0.279
  0.279
  0.279
  0.279
  0.278
  0.278
  0.278
  0.278
  0.277
  0.277
  0.277
  0.277
  0.276
  0.276
  0.276
  0.276
  0.276
  0.275
  0.275
  0.275
  0.275
  0.275
  0.275
  0.275
  0.275
  0.275
  0.275
  0.275
  0.275
  0.276
  0.275
  0.275
  0.275
  0.275
  0.274
  0.273
  0.272
  0.270
  0.268
  0.266
  0.264
  0.261
  0.258
  0.254
  0.250
  0.246
  0.242
  0.238
  0.234
  0.231
  0.227
  0.223
  0.220
  0.218
  0.216
  0.214
  0.213
  0.212
  0.212
  0.212
  0.213
  0.214
  0.215
  0.217
  0.218
  0.220
  0.222
  0.224
  0.225
  0.227
  0.228
  0.230
  0.231
  0.232
  0.233
  0.233
  0.234
  0.235
  0.236
  0.238
  0.239
  0.241
  0.243
  0.245
  0.248
  0.250
  0.253
  0.256
  0.259
  0.262
  0.264
  0.267
  0.269
  0.271
  0.272
  0.273
  0.274
  0.274
  0.274
  0.273
  0.272
  0.270
  0.268
  0.266
  0.263
  0.260
  0.256
  0.253
  0.249
  0.245
  0.241
  0.237
  0.234
  0.230
  0.227
  0.224
  0.221
  0.219
  0.216
  0.214
  0.212
  0.210
  0.209
  0.207
  0.206
  0.204
  0.203
  0.202
  0.201
  0.200
  0.199
  0.199
  0.199
  0.199
  0.199
  0.199
  0.199
  0.200
  0.201
  0.201
  0.202
  0.203
  0.203
  0.204
  0.204
  0.205
  0.205
  0.206
  0.206
  0.206
  0.206
  0.207
  0.207
  0.207
  0.207
  0.207
  0.207
  0.207
  0.207
  0.207
  0.207
  0.206
  0.206
  0.206
  0.206
  0.205
  0.205
  0.205
  0.204
  0.204
  0.203
  0.203
  0.202
  0.202
  0.201
  0.200
  0.200
  0.199
  0.199
  0.198
  0.197
  0.197
  0.196
  0.196
  0.195
  0.195
  0.194
  0.194
  0.193
  0.193
  0.192
  0.192
  0.191
  0.191
  0.190
  0.189
  0.189
  0.188
  0.187
  0.186
  0.185
  0.184
  0.182
  0.181
  0.179
  0.178
  0.176
  0.174
  0.172
  0.171
  0.169
  0.167
  0.165
  0.164
  0.162
  0.160
  0.159
  0.158
  0.157
  0.156
  0.155
  0.155
  0.155
  0.155
  0.155
  0.155
  0.156
  0.156
  0.157
  0.158
  0.159
  0.161
  0.162
  0.163
  0.164
  0.166
  0.167
  0.168
  0.169
  0.170
  0.171
  0.171
  0.172
  0.172
  0.173
  0.173
  0.173
  0.173
  0.173
  0.173
  0.172
  0.172
  0.171
  0.171
  0.170
  0.169
  0.169
  0.168
  0.167
  0.166
  0.166
  0.165
  0.164
  0.163
  0.163
  0.162
  0.161
  0.160
  0.160
  0.159
  0.158
  0.157
  0.156
  0.155
  0.154
  0.153
  0.152
  0.151
  0.149
  0.148
  0.147
  0.146
  0.145
  0.145
  0.144
  0.143
  0.142
  0.142
  0.141
  0.141
  0.141
  0.140
  0.140
  0.140
  0.140
  0.140
  0.140
  0.140
  0.140
  0.140
  0.141
  0.141
  0.142
  0.143
  0.143
  0.144
  0.145
  0.146
  0.147
  0.148
  0.149
  0.150
  0.151
  0.152
  0.153
  0.153
  0.154
  0.155
  0.155
  0.156
  0.156
  0.157
  0.157
  0.157
  0.158
  0.158
  0.158
  0.158
  0.158
  0.158
  0.158
  0.158
  0.157
  0.157
  0.156
  0.155
  0.154
  0.153
  0.152
  0.151
  0.150
  0.149
  0.147
  0.146
  0.145
  0.144
  0.143
  0.142
  0.141
  0.140
  0.139
  0.139
  0.138
  0.138
  0.138
  0.138
  0.137
  0.137
  0.137
  0.137
  0.137
  0.137
  0.137
  0.137
  0.138
  0.138
  0.138
  0.138
  0.138
  0.138
  0.138
  0.138
  0.138
  0.138
  0.138
  0.138
  0.138
  0.138
  0.138
  0.138
  0.138
  0.138
  0.138
  0.138
  0.138
  0.138
  0.138
  0.138
  0.138
  0.138
  0.138
  0.138
  0.138
  0.138
  0.138
  0.138
  0.138
  0.138
  0.138
  0.138
  0.138
  0.138
  0.138
  0.138
  0.138
  0.138
  0.138
  0.138
  0.138
  0.138
  0.138
  0.138
  0.138
  0.138
  0.138
  0.138
  0.138
  0.138
  0.138
  0.138
  0.138
  0.138
  0.138
  0.138
  0.138
  0.138
  0.138
  0.138
  0.138
  0.138
  0.138
  0.138
  0.138
  0.138
  0.138
  0.138
  0.138
  0.138
  0.138
  0.138
  0.138
  0.138
  0.138
  0.138
  0.138
  0.138
  0.138
  0.138
  0.138
  0.138
  0.138
  0.138
  0.138
  0.137
  0.137
  0.137
  0.136
  0.136
  0.135
  0.135
  0.134
  0.134
  0.134
  0.133
  0.133
  0.133
  0.132
  0.132
  0.132
  0.133
  0.133
  0.133
  0.134
  0.134
  0.134
  0.135
  0.135
  0.136
  0.136
  0.137
  0.137
  0.137
  0.138
  0.138
  0.138
  0.138
  0.138
  0.138
  0.138
  0.138
  0.138
  0.138
  0.138
  0.138
  0.138
  0.138
  0.138
  0.138
  0.138
  0.138
  0.138
  0.138
  0.139
  0.139
  0.139
  0.139
  0.139
  0.139
  0.139
  0.139
  0.139
  0.139
  0.139
  0.139
  0.138
  0.138
  0.138
  0.137
  0.136
  0.136
  0.135
  0.133
  0.132
  0.131
  0.129
  0.128
  0.126
  0.124
  0.122
  0.121
  0.119
  0.117
  0.115
  0.113
  0.112
  0.110
  0.108
  0.107
  0.106
  0.105
  0.104
  0.104
  0.104
  0.103
  0.104
  0.104
  0.105
  0.106
  0.107
  0.109
  0.111
  0.112
  0.114
  0.116
  0.118
  0.120
  0.122
  0.124
  0.126
  0.127
  0.128
  0.129
  0.130
  0.130
  0.130
  0.130
  0.130
  0.130
  0.129
  0.129
  0.128
  0.127
  0.126
  0.125
  0.124
  0.123
  0.122
  0.120
  0.119
  0.117
  0.116
  0.114
  0.113
  0.111
  0.110
  0.108
  0.107
  0.106
  0.105
  0.104
  0.103
  0.102
  0.102
  0.101
  0.101
  0.101
  0.101
  0.101
  0.101
  0.101
  0.102
  0.103
  0.104
  0.105
  0.106
  0.107
  0.109
  0.110
  0.112
  0.114
  0.116
  0.118
  0.120
  0.122
  0.124
  0.126
  0.128
  0.130
  0.132
  0.133
  0.135
  0.136
  0.137
  0.138
  0.139
  0.139
  0.140
  0.140
  0.140
  0.141
  0.141
  0.141
  0.141
  0.141
  0.141
  0.140
  0.140
  0.140
  0.139
  0.139
  0.138
  0.137
  0.136
  0.134
  0.133
  0.131
  0.129
  0.127
  0.124
  0.122
  0.119
  0.116
  0.114
  0.111
  0.108
  0.105
  0.103
  0.100
  0.098
  0.096
  0.093
  0.091
  0.090
  0.088
  0.086
  0.085
  0.084
  0.083
  0.082
  0.081
  0.080
  0.080
  0.080
  0.080
  0.080
  0.081
  0.081
  0.082
  0.083
  0.084
  0.086
  0.087
  0.089
  0.090
  0.092
  0.093
  0.095
  0.096
  0.097
  0.099
  0.100
  0.101
  0.101
  0.102
  0.103
  0.103
  0.104
  0.104
  0.104
  0.104
  0.104
  0.104
  0.104
  0.104
  0.104
  0.104
  0.104
  0.104
  0.104
  0.104
  0.104
  0.104
  0.104
  0.103
  0.103
  0.103
  0.103
  0.103
  0.102
  0.102
  0.101
  0.101
  0.100
  0.100
  0.099
  0.098
  0.098
  0.097
  0.096
  0.095
  0.094
  0.093
  0.092
  0.092
  0.091
  0.090
  0.089
  0.088
  0.088
  0.087
  0.087
  0.086
  0.086
  0.086
  0.086
  0.086
  0.086
  0.086
  0.087
  0.087
  0.088
  0.089
  0.089
  0.090
  0.091
  0.092
  0.093
  0.094
  0.095
  0.095
  0.096
  0.097
  0.097
  0.098
  0.098
  0.099
  0.099
  0.099
  0.099
  0.099
  0.099
  0.099
  0.100
  0.099
  0.099
  0.099
  0.099
  0.099
  0.099
  0.099
  0.099
  0.100
  0.100
  0.100
  0.100
  0.100
  0.100
  0.100
  0.100
  0.101
  0.101
  0.101
  0.101
  0.101
  0.100
  0.100
  0.100
  0.100
  0.099
  0.098
  0.098
  0.097
  0.096
  0.095
  0.094
  0.093
  0.092
  0.091
  0.090
  0.089
  0.088
  0.087
  0.087
  0.086
  0.086
  0.085
  0.085
  0.085
  0.085
  0.085
  0.085
  0.085
  0.085
  0.085
  0.085
  0.085
  0.085
  0.086
  0.086
  0.086
  0.086
  0.086
  0.086
  0.086
  0.086
  0.085
  0.085
  0.085
  0.085
  0.084
  0.084
  0.084
  0.084
  0.083
  0.083
  0.083
  0.082
  0.082
  0.082
  0.082
  0.082
  0.082
  0.082
  0.082
  0.082
  0.082
  0.083
  0.083
  0.082
  0.082
  0.082
  0.082
  0.081
  0.081
  0.080
  0.079
  0.078
  0.077
  0.077
  0.076
  0.075
  0.074
  0.073
  0.072
  0.072
  0.071
  0.071
  0.070
  0.070
  0.070
  0.070
  0.070
  0.071
  0.071
  0.071
  0.071
  0.072
  0.072
  0.073
  0.073
  0.073
  0.074
  0.074
  0.075
  0.075
  0.075
  0.076
  0.076
  0.077
  0.077
  0.077
  0.077
  0.078
  0.078
  0.078
  0.078
  0.077
  0.077
  0.077
  0.077
  0.076
  0.076
  0.075
  0.075
  0.074
  0.073
  0.073
  0.072
  0.072
  0.071
  0.071
  0.070
  0.070
  0.070
  0.069
  0.069
  0.069
  0.069
  0.069
  0.069
  0.069
  0.069
  0.069
  0.069
  0.069
  0.069
  0.069
  0.069
  0.069
  0.069
  0.069
  0.069
  0.069
  0.069
  0.069
  0.069
  0.069
  0.069
  0.069
  0.069
  0.069
  0.069
  0.069
  0.069
  0.069
  0.069
  0.069
  0.069
  0.069
  0.069
  0.069
  0.069
  0.069
  0.069
  0.069
  0.070
  0.070
  0.070
  0.070
  0.071
  0.071
  0.071
  0.071
  0.071
  0.072
  0.072
  0.072
  0.072
  0.072
  0.072
  0.072
  0.071
  0.071
  0.071
  0.071
  0.071
  0.070
  0.070
  0.070
  0.070
  0.070
  0.069
  0.069
  0.069
  0.069
  0.069
  0.069
  0.069
  0.069
  0.069
  0.069
  0.069
  0.069
  0.069
  0.069
  0.069
  0.069
  0.069
  0.069
  0.069
  0.069
  0.069
  0.069
  0.069
  0.069
  0.069
  0.069
  0.069
  0.069
  0.069
  0.069
  0.069
  0.069
  0.069
  0.069
  0.069
  0.069
  0.069
  0.069
  0.069
  0.069
  0.069
  0.069
  0.069
  0.069
  0.069
  0.069
  0.069
  0.069
  0.069
  0.069
  0.069
  0.069
  0.069
  0.069
  0.069
  0.069
  0.069
  0.069
  0.069
  0.069
  0.069
  0.069
  0.069
  0.069
  0.069
  0.069
  0.069
  0.069
  0.069
  0.069
  0.069
  0.069
  0.069
  0.069
  0.069
  0.069
  0.069
  0.069
  0.069
  0.069
  0.069
  0.069
  0.068
  0.067
  0.066
  0.065
  0.063
  0.062
  0.061
  0.060
  0.059
  0.058
  0.056
  0.055
  0.054
  0.053
  0.052
  0.051
  0.049
  0.048
  0.047
  0.046
  0.045
  0.044
  0.043
  0.041
  0.040
  0.039
  0.038
  0.037
  0.036
  0.035
  0.033
  0.032
  0.031
  0.030
  0.029
  0.028
  0.026
  0.025
  0.024
  0.023
  0.022
  0.021
  0.020
  0.018
  0.017
  0.016
  0.015
  0.014
  0.013
  0.012
  0.010
  0.009
  0.008
  0.007
  0.006
  0.005
  0.003
  0.002
  0.001
