  0.000
  0.000
  0.000
  0.000
  0.000
  0.000
  0.000
  0.000
  0.000
  0.000
  0.000
  0.000
  0.001
  0.001
  0.001
  0.001
  0.002
  0.002
  0.002
  0.002
  0.003
  0.003
  0.003
  0.004
  0.004
  0.004
  0.005
  0.005
  0.005
  0.006
  0.006
  0.006
  0.006
  0.006
  0.007
  0.007
  0.007
  0.007
  0.006
  0.006
  0.006
  0.006
  0.005
  0.005
  0.005
  0.004
  0.004
  0.003
  0.003
  0.002
  0.002
  0.001
  0.001
  0.001
  0.000
  0.000
  0.000
  0.000
  0.000
  0.000
  0.000
  0.000
  0.000
  0.000
  0.000
  0.001
  0.001
  0.002
  0.002
  0.003
  0.004
  0.004
  0.005
  0.006
  0.007
  0.008
  0.009
  0.010
  0.011
  0.013
  0.014
  0.015
  0.016
  0.017
  0.018
  0.020
  0.021
  0.022
  0.023
  0.025
  0.026
  0.027
  0.028
  0.029
  0.030
  0.032
  0.033
  0.034
  0.035
  0.037
  0.038
  0.040
  0.041
  0.043
  0.045
  0.047
  0.049
  0.051
  0.053
  0.056
  0.059
  0.062
  0.066
  0.070
  0.075
  0.080
  0.085
  0.091
  0.098
  0.105
  0.112
  0.120
  0.129
  0.138
  0.147
  0.156
  0.166
  0.176
  0.187
  0.198
  0.208
  0.219
  0.231
  0.242
  0.253
  0.265
  0.276
  0.288
  0.300
  0.311
  0.323
  0.334
  0.346
  0.357
  0.369
  0.380
  0.391
  0.403
  0.414
  0.425
  0.436
  0.446
  0.457
  0.467
  0.478
  0.488
  0.498
  0.507
  0.516
  0.525
  0.534
  0.542
  0.550
  0.558
  0.565
  0.572
  0.578
  0.585
  0.591
  0.597
  0.603
  0.609
  0.615
  0.622
  0.630
  0.638
  0.647
  0.658
  0.670
  0.684
  0.700
  0.717
  0.738
  0.761
  0.787
  0.816
  0.848
  0.884
  0.924
  0.967
  1.015
  1.066
  1.122
  1.181
  1.244
  1.311
  1.381
  1.454
  1.530
  1.607
  1.686
  1.765
  1.845
  1.923
  2.000
  2.074
  2.144
  2.210
  2.271
  2.326
  2.375
  2.416
  2.450
  2.476
  2.495
  2.506
  2.509
  2.505
  2.495
  2.479
  2.457
  2.431
  2.402
  2.369
  2.334
  2.297
  2.259
  2.221
  2.183
  2.146
  2.110
  2.075
  2.042
  2.010
  1.980
  1.953
  1.927
  1.902
  1.880
  1.859
  1.839
  1.821
  1.804
  1.788
  1.772
  1.757
  1.743
  1.729
  1.715
  1.702
  1.688
  1.675
  1.661
  1.648
  1.635
  1.621
  1.608
  1.595
  1.582
  1.570
  1.557
  1.545
  1.533
  1.522
  1.511
  1.501
  1.490
  1.481
  1.471
  1.462
  1.454
  1.445
  1.437
  1.429
  1.421
  1.414
  1.406
  1.399
  1.392
  1.384
  1.377
  1.370
  1.363
  1.357
  1.350
  1.344
  1.337
  1.331
  1.325
  1.320
  1.314
  1.309
  1.303
  1.298
  1.293
  1.288
  1.282
  1.277
  1.272
  1.267
  1.261
  1.256
  1.251
  1.246
  1.242
  1.237
  1.233
  1.229
  1.225
  1.222
  1.220
  1.218
  1.216
  1.215
  1.214
  1.214
  1.214
  1.216
  1.217
  1.219
  1.222
  1.225
  1.229
  1.232
  1.236
  1.240
  1.244
  1.247
  1.250
  1.251
  1.252
  1.252
  1.250
  1.247
  1.243
  1.237
  1.231
  1.223
  1.214
  1.205
  1.196
  1.186
  1.176
  1.167
  1.158
  1.149
  1.141
  1.134
  1.127
  1.121
  1.116
  1.111
  1.106
  1.102
  1.098
  1.094
  1.090
  1.086
  1.082
  1.077
  1.072
  1.067
  1.061
  1.055
  1.049
  1.041
  1.034
  1.026
  1.018
  1.010
  1.002
  0.994
  0.987
  0.981
  0.975
  0.969
  0.965
  0.961
  0.958
  0.956
  0.953
  0.951
  0.948
  0.946
  0.942
  0.939
  0.934
  0.929
  0.924
  0.919
  0.914
  0.909
  0.904
  0.901
  0.898
  0.897
  0.896
  0.897
  0.899
  0.902
  0.906
  0.910
  0.914
  0.918
  0.921
  0.924
  0.925
  0.925
  0.924
  0.921
  0.917
  0.911
  0.903
  0.895
  0.886
  0.876
  0.865
  0.855
  0.844
  0.834
  0.824
  0.815
  0.806
  0.799
  0.792
  0.785
  0.780
  0.776
  0.773
  0.770
  0.768
  0.768
  0.768
  0.768
  0.770
  0.772
  0.774
  0.776
  0.779
  0.782
  0.785
  0.787
  0.789
  0.791
  0.793
  0.794
  0.795
  0.796
  0.796
  0.796
  0.795
  0.794
  0.793
  0.792
  0.790
  0.788
  0.785
  0.782
  0.779
  0.776
  0.772
  0.768
  0.764
  0.760
  0.756
  0.752
  0.748
  0.744
  0.740
  0.736
  0.732
  0.728
  0.724
  0.720
  0.716
  0.712
  0.708
  0.705
  0.702
  0.699
  0.697
  0.696
  0.694
  0.694
  0.693
  0.693
  0.694
  0.694
  0.695
  0.696
  0.698
  0.699
  0.700
  0.702
  0.704
  0.705
  0.707
  0.709
  0.710
  0.712
  0.713
  0.715
  0.716
  0.717
  0.717
  0.717
  0.716
  0.715
  0.713
  0.711
  0.708
  0.705
  0.702
  0.699
  0.695
  0.692
  0.690
  0.688
  0.686
  0.685
  0.684
  0.684
  0.685
  0.685
  0.687
  0.688
  0.689
  0.691
  0.692
  0.693
  0.694
  0.694
  0.694
  0.694
  0.694
  0.693
  0.691
  0.690
  0.688
  0.686
  0.684
  0.682
  0.680
  0.677
  0.675
  0.673
  0.671
  0.669
  0.668
  0.666
  0.665
  0.664
  0.663
  0.663
  0.662
  0.661
  0.660
  0.659
  0.658
  0.656
  0.653
  0.650
  0.647
  0.643
  0.639
  0.635
  0.630
  0.626
  0.621
  0.617
  0.613
  0.610
  0.607
  0.604
  0.602
  0.600
  0.599
  0.599
  0.598
  0.599
  0.599
  0.600
  0.601
  0.602
  0.603
  0.605
  0.606
  0.607
  0.608
  0.608
  0.609
  0.609
  0.608
  0.608
  0.607
  0.606
  0.604
  0.602
  0.600
  0.598
  0.595
  0.592
  0.589
  0.586
  0.583
  0.579
  0.576
  0.573
  0.570
  0.567
  0.564
  0.561
  0.558
  0.556
  0.554
  0.552
  0.550
  0.548
  0.547
  0.545
  0.544
  0.543
  0.542
  0.541
  0.541
  0.540
  0.539
  0.538
  0.538
  0.537
  0.537
  0.536
  0.535
  0.534
  0.533
  0.533
  0.532
  0.531
  0.530
  0.530
  0.529
  0.528
  0.528
  0.527
  0.527
  0.527
  0.526
  0.526
  0.525
  0.524
  0.524
  0.523
  0.522
  0.521
  0.519
  0.518
  0.516
  0.515
  0.513
  0.511
  0.509
  0.507
  0.506
  0.504
  0.502
  0.500
  0.498
  0.496
  0.494
  0.492
  0.491
  0.489
  0.487
  0.485
  0.483
  0.481
  0.479
  0.477
  0.476
  0.474
  0.473
  0.471
  0.470
  0.469
  0.468
  0.467
  0.466
  0.466
  0.465
  0.465
  0.465
  0.465
  0.465
  0.465
  0.465
  0.466
  0.466
  0.466
  0.466
  0.467
  0.467
  0.467
  0.467
  0.468
  0.468
  0.468
  0.468
  0.467
  0.467
  0.466
  0.466
  0.465
  0.463
  0.462
  0.460
  0.459
  0.456
  0.454
  0.452
  0.449
  0.446
  0.443
  0.440
  0.437
  0.434
  0.432
  0.429
  0.426
  0.424
  0.421
  0.419
  0.417
  0.415
  0.413
  0.412
  0.410
  0.409
  0.408
  0.407
  0.406
  0.405
  0.404
  0.404
  0.403
  0.403
  0.402
  0.402
  0.401
  0.401
  0.401
  0.401
  0.400
  0.400
  0.400
  0.399
  0.399
  0.398
  0.398
  0.397
  0.397
  0.396
  0.395
  0.394
  0.393
  0.392
  0.391
  0.389
  0.388
  0.386
  0.384
  0.382
  0.379
  0.377
  0.374
  0.371
  0.368
  0.365
  0.362
  0.359
  0.356
  0.354
  0.351
  0.348
  0.346
  0.343
  0.341
  0.340
  0.338
  0.336
  0.335
  0.334
  0.333
  0.332
  0.332
  0.331
  0.331
  0.330
  0.330
  0.330
  0.330
  0.330
  0.329
  0.329
  0.329
  0.329
  0.330
  0.330
  0.330
  0.330
  0.330
  0.330
  0.330
  0.330
  0.330
  0.330
  0.330
  0.330
  0.330
  0.330
  0.330
  0.330
  0.330
  0.330
  0.330
  0.330
  0.330
  0.330
  0.330
  0.330
  0.330
  0.330
  0.330
  0.330
  0.330
  0.330
  0.330
  0.330
  0.330
  0.330
  0.330
  0.330
  0.330
  0.330
  0.330
  0.330
  0.330
  0.330
  0.330
  0.330
  0.330
  0.330
  0.330
  0.330
  0.330
  0.330
  0.330
  0.330
  0.331
  0.331
  0.331
  0.331
  0.331
  0.331
  0.331
  0.331
  0.331
  0.330
  0.330
  0.330
  0.329
  0.329
  0.328
  0.328
  0.327
  0.326
  0.325
  0.324
  0.323
  0.322
  0.320
  0.319
  0.318
  0.317
  0.315
  0.314
  0.313
  0.311
  0.310
  0.309
  0.307
  0.306
  0.305
  0.304
  0.303
  0.302
  0.301
  0.300
  0.299
  0.298
  0.298
  0.298
  0.298
  0.298
  0.298
  0.298
  0.299
  0.300
  0.300
  0.301
  0.303
  0.304
  0.305
  0.307
  0.308
  0.310
  0.312
  0.313
  0.315
  0.317
  0.319
  0.321
  0.322
  0.324
  0.326
  0.327
  0.328
  0.329
  0.330
  0.331
  0.332
  0.332
  0.332
  0.332
  0.332
  0.332
  0.331
  0.330
  0.329
  0.328
  0.326
  0.325
  0.323
  0.320
  0.318
  0.316
  0.313
  0.310
  0.307
  0.304
  0.301
  0.298
  0.294
  0.291
  0.288
  0.285
  0.282
  0.280
  0.277
  0.274
  0.272
  0.270
  0.268
  0.267
  0.266
  0.264
  0.264
  0.263
  0.262
  0.262
  0.262
  0.262
  0.262
  0.262
  0.262
  0.262
  0.262
  0.262
  0.262
  0.261
  0.261
  0.260
  0.259
  0.258
  0.257
  0.256
  0.254
  0.252
  0.251
  0.249
  0.247
  0.244
  0.242
  0.240
  0.238
  0.236
  0.235
  0.233
  0.232
  0.230
  0.229
  0.228
  0.228
  0.227
  0.227
  0.226
  0.226
  0.226
  0.226
  0.225
  0.225
  0.225
  0.224
  0.224
  0.223
  0.222
  0.221
  0.220
  0.219
  0.218
  0.216
  0.214
  0.213
  0.211
  0.209
  0.207
  0.206
  0.204
  0.202
  0.201
  0.200
  0.199
  0.198
  0.197
  0.196
  0.196
  0.195
  0.195
  0.195
  0.195
  0.195
  0.194
  0.194
  0.193
  0.193
  0.192
  0.191
  0.189
  0.187
  0.185
  0.183
  0.180
  0.177
  0.174
  0.170
  0.166
  0.162
  0.158
  0.154
  0.150
  0.146
  0.143
  0.139
  0.136
  0.133
  0.131
  0.129
  0.127
  0.126
  0.125
  0.125
  0.125
  0.125
  0.126
  0.128
  0.129
  0.131
  0.134
  0.136
  0.139
  0.143
  0.146
  0.150
  0.154
  0.158
  0.162
  0.166
  0.169
  0.173
  0.176
  0.179
  0.182
  0.185
  0.187
  0.189
  0.191
  0.192
  0.193
  0.194
  0.195
  0.195
  0.195
  0.195
  0.195
  0.195
  0.195
  0.195
  0.195
  0.194
  0.194
  0.194
  0.194
  0.194
  0.193
  0.193
  0.193
  0.193
  0.193
  0.193
  0.193
  0.192
  0.192
  0.192
  0.192
  0.192
  0.192
  0.193
  0.193
  0.193
  0.193
  0.194
  0.194
  0.194
  0.195
  0.195
  0.196
  0.196
  0.197
  0.197
  0.198
  0.199
  0.199
  0.200
  0.200
  0.201
  0.201
  0.201
  0.202
  0.202
  0.202
  0.202
  0.201
  0.201
  0.201
  0.200
  0.200
  0.199
  0.199
  0.198
  0.198
  0.197
  0.196
  0.196
  0.195
  0.195
  0.194
  0.194
  0.194
  0.193
  0.193
  0.193
  0.193
  0.193
  0.193
  0.192
  0.192
  0.192
  0.192
  0.192
  0.192
  0.193
  0.193
  0.193
  0.193
  0.193
  0.193
  0.193
  0.194
  0.194
  0.194
  0.194
  0.195
  0.195
  0.195
  0.196
  0.196
  0.197
  0.197
  0.198
  0.198
  0.199
  0.199
  0.200
  0.201
  0.201
  0.202
  0.203
  0.204
  0.204
  0.205
  0.205
  0.206
  0.206
  0.207
  0.207
  0.207
  0.207
  0.207
  0.206
  0.206
  0.206
  0.205
  0.205
  0.205
  0.204
  0.204
  0.203
  0.203
  0.203
  0.202
  0.202
  0.201
  0.201
  0.201
  0.200
  0.200
  0.200
  0.199
  0.199
  0.199
  0.198
  0.198
  0.198
  0.198
  0.197
  0.197
  0.197
  0.196
  0.196
  0.196
  0.195
  0.195
  0.195
  0.194
  0.194
  0.194
  0.194
  0.193
  0.193
  0.193
  0.193
  0.193
  0.193
  0.193
  0.193
  0.193
  0.193
  0.193
  0.193
  0.193
  0.193
  0.193
  0.193
  0.194
  0.194
  0.194
  0.194
  0.195
  0.195
  0.195
  0.196
  0.196
  0.196
  0.196
  0.196
  0.195
  0.195
  0.194
  0.193
  0.192
  0.190
  0.189
  0.186
  0.183
  0.180
  0.177
  0.173
  0.169
  0.165
  0.161
  0.156
  0.152
  0.147
  0.143
  0.139
  0.134
  0.130
  0.126
  0.122
  0.118
  0.115
  0.111
  0.108
  0.105
  0.102
  0.099
  0.096
  0.094
  0.092
  0.090
  0.088
  0.087
  0.086
  0.085
  0.085
  0.084
  0.084
  0.084
  0.084
  0.085
  0.085
  0.086
  0.086
  0.086
  0.087
  0.087
  0.088
  0.088
  0.088
  0.088
  0.088
  0.089
  0.089
  0.089
  0.089
  0.089
  0.089
  0.090
  0.090
  0.090
  0.091
  0.092
  0.093
  0.094
  0.095
  0.096
  0.098
  0.100
  0.102
  0.104
  0.106
  0.108
  0.110
  0.112
  0.114
  0.116
  0.117
  0.119
  0.120
  0.122
  0.123
  0.124
  0.125
  0.125
  0.126
  0.126
  0.126
  0.126
  0.126
  0.126
  0.126
  0.126
  0.126
  0.126
  0.126
  0.126
  0.126
  0.125
  0.125
  0.125
  0.125
  0.125
  0.125
  0.125
  0.125
  0.125
  0.125
  0.125
  0.125
  0.125
  0.125
  0.125
  0.125
  0.125
  0.125
  0.125
  0.125
  0.125
  0.125
  0.125
  0.125
  0.125
  0.125
  0.125
  0.125
  0.125
  0.125
  0.125
  0.125
  0.125
  0.125
  0.125
  0.125
  0.125
  0.125
  0.125
  0.125
  0.125
  0.125
  0.125
  0.125
  0.125
  0.125
  0.125
  0.125
  0.125
  0.125
  0.125
  0.125
  0.125
  0.125
  0.125
  0.125
  0.125
  0.125
  0.125
  0.125
  0.125
  0.125
  0.125
  0.125
  0.125
  0.125
  0.125
  0.125
  0.125
  0.125
  0.125
  0.125
  0.125
  0.125
  0.125
  0.125
  0.125
  0.125
  0.125
  0.125
  0.125
  0.125
  0.125
  0.125
  0.125
  0.125
  0.125
  0.125
  0.125
  0.125
  0.125
  0.125
  0.125
  0.125
  0.125
  0.125
  0.125
  0.125
  0.125
  0.125
  0.125
  0.125
  0.125
  0.125
  0.125
  0.125
  0.125
  0.125
  0.125
  0.125
  0.125
  0.125
  0.125
  0.125
  0.125
  0.125
  0.125
  0.125
  0.125
  0.125
  0.125
  0.125
  0.125
  0.125
  0.125
  0.125
  0.125
  0.125
  0.125
  0.125
  0.125
  0.125
  0.125
  0.125
  0.125
  0.125
  0.125
  0.125
  0.125
  0.125
  0.125
  0.125
  0.125
  0.125
  0.125
  0.125
  0.125
  0.125
  0.125
  0.125
  0.125
  0.125
  0.125
  0.125
  0.125
  0.125
  0.125
  0.125
  0.125
  0.125
  0.125
  0.125
  0.125
  0.125
  0.125
  0.125
  0.125
  0.125
  0.125
  0.125
  0.125
  0.125
  0.125
  0.125
  0.125
  0.125
  0.125
  0.125
  0.125
  0.125
  0.124
  0.124
  0.124
  0.123
  0.123
  0.123
  0.122
  0.122
  0.122
  0.121
  0.121
  0.121
  0.120
  0.120
  0.120
  0.120
  0.121
  0.121
  0.121
  0.121
  0.122
  0.122
  0.122
  0.122
  0.122
  0.121
  0.121
  0.121
  0.120
  0.119
  0.118
  0.117
  0.116
  0.115
  0.114
  0.113
  0.112
  0.111
  0.110
  0.108
  0.107
  0.106
  0.105
  0.104
  0.103
  0.103
  0.102
  0.101
  0.100
  0.100
  0.099
  0.099
  0.098
  0.098
  0.097
  0.097
  0.097
  0.096
  0.096
  0.096
  0.096
  0.096
  0.096
  0.096
  0.096
  0.096
  0.096
  0.096
  0.096
  0.096
  0.095
  0.095
  0.095
  0.094
  0.094
  0.094
  0.093
  0.093
  0.092
  0.092
  0.091
  0.091
  0.091
  0.090
  0.090
  0.090
  0.090
  0.090
  0.090
  0.090
  0.090
  0.090
  0.090
  0.090
  0.090
  0.090
  0.090
  0.090
  0.090
  0.090
  0.090
  0.090
  0.091
  0.091
  0.091
  0.091
  0.091
  0.090
  0.090
  0.090
  0.090
  0.089
  0.089
  0.088
  0.088
  0.087
  0.086
  0.085
  0.085
  0.084
  0.083
  0.082
  0.081
  0.080
  0.080
  0.079
  0.079
  0.078
  0.078
  0.079
  0.079
  0.079
  0.080
  0.081
  0.081
  0.082
  0.083
  0.084
  0.085
  0.086
  0.087
  0.087
  0.088
  0.088
  0.089
  0.089
  0.090
  0.090
  0.090
  0.090
  0.091
  0.091
  0.091
  0.091
  0.091
  0.091
  0.090
  0.090
  0.090
  0.090
  0.090
  0.090
  0.090
  0.090
  0.090
  0.090
  0.090
  0.090
  0.090
  0.090
  0.090
  0.090
  0.090
  0.090
  0.090
  0.090
  0.090
  0.090
  0.090
  0.090
  0.090
  0.090
  0.090
  0.090
  0.090
  0.090
  0.090
  0.090
  0.090
  0.090
  0.090
  0.090
  0.090
  0.090
  0.090
  0.090
  0.090
  0.090
  0.090
  0.090
  0.090
  0.090
  0.090
  0.090
  0.090
  0.090
  0.090
  0.090
  0.090
  0.090
  0.090
  0.090
  0.090
  0.090
  0.090
  0.090
  0.090
  0.090
  0.090
  0.090
  0.090
  0.090
  0.090
  0.090
  0.090
  0.090
  0.090
  0.090
  0.090
  0.090
  0.090
  0.090
  0.090
  0.090
  0.090
  0.090
  0.090
  0.090
  0.090
  0.090
  0.090
  0.090
  0.090
  0.090
  0.090
  0.090
  0.090
  0.090
  0.090
  0.090
  0.090
  0.090
  0.090
  0.090
  0.090
  0.090
  0.090
  0.090
  0.090
  0.090
  0.090
  0.090
  0.090
  0.090
  0.090
  0.089
  0.089
  0.089
  0.088
  0.088
  0.088
  0.087
  0.087
  0.086
  0.086
  0.085
  0.085
  0.085
  0.085
  0.085
  0.085
  0.085
  0.085
  0.085
  0.086
  0.086
  0.087
  0.087
  0.088
  0.088
  0.088
  0.089
  0.089
  0.089
  0.090
  0.090
  0.090
  0.090
  0.090
  0.090
  0.090
  0.090
  0.090
  0.090
  0.090
  0.090
  0.090
  0.090
  0.090
  0.090
  0.090
  0.090
  0.090
  0.090
  0.090
  0.090
  0.090
  0.090
  0.090
  0.090
  0.090
  0.090
  0.090
  0.090
  0.090
  0.090
  0.090
  0.090
  0.090
  0.090
  0.090
  0.090
  0.091
  0.091
  0.091
  0.091
  0.091
  0.091
  0.091
  0.091
  0.090
  0.090
  0.090
  0.090
  0.089
  0.089
  0.088
  0.088
  0.087
  0.086
  0.085
  0.084
  0.083
  0.082
  0.082
  0.081
  0.080
  0.079
  0.078
  0.077
  0.076
  0.076
  0.075
  0.075
  0.075
  0.075
  0.074
  0.074
  0.075
  0.075
  0.075
  0.075
  0.075
  0.075
  0.075
  0.074
  0.073
  0.071
  0.070
  0.068
  0.067
  0.066
  0.065
  0.063
  0.062
  0.061
  0.060
  0.059
  0.057
  0.056
  0.055
  0.054
  0.052
  0.051
  0.050
  0.049
  0.047
  0.046
  0.045
  0.044
  0.042
  0.041
  0.040
  0.039
  0.037
  0.036
  0.035
  0.034
  0.032
  0.031
  0.030
  0.029
  0.027
  0.026
  0.025
  0.024
  0.022
  0.021
  0.020
  0.019
  0.017
  0.016
  0.015
  0.014
  0.012
  0.011
  0.010
  0.009
  0.007
  0.006
  0.005
  0.004
  0.002
  0.001
