  0.000
  0.018
  0.031
  0.041
  0.049
  0.054
  0.056
  0.058
  0.058
  0.058
  0.059
  0.059
  0.060
  0.062
  0.064
  0.065
  0.067
  0.069
  0.071
  0.072
  0.074
  0.076
  0.077
  0.079
  0.081
  0.082
  0.083
  0.085
  0.086
  0.087
  0.088
  0.088
  0.089
  0.090
  0.090
  0.091
  0.091
  0.092
  0.092
  0.092
  0.092
  0.092
  0.091
  0.090
  0.090
  0.088
  0.087
  0.085
  0.083
  0.081
  0.079
  0.076
  0.073
  0.069
  0.066
  0.062
  0.058
  0.054
  0.050
  0.045
  0.041
  0.037
  0.032
  0.028
  0.024
  0.021
  0.017
  0.014
  0.011
  0.008
  0.006
  0.003
  0.001
  0.000
  0.000
  0.000
  0.000
  0.000
  0.000
  0.000
  0.000
  0.000
  0.000
  0.000
  0.000
  0.000
  0.000
  0.000
  0.000
  0.000
  0.000
  0.000
  0.000
  0.004
  0.023
  0.046
  0.074
  0.107
  0.146
  0.191
  0.242
  0.299
  0.363
  0.432
  0.507
  0.588
  0.674
  0.765
  0.861
  0.959
  1.061
  1.164
  1.269
  1.374
  1.478
  1.580
  1.679
  1.774
  1.864
  1.947
  2.024
  2.093
  2.153
  2.205
  2.248
  2.281
  2.306
  2.321
  2.328
  2.327
  2.319
  2.304
  2.284
  2.259
  2.231
  2.199
  2.165
  2.130
  2.094
  2.057
  2.020
  1.984
  1.948
  1.914
  1.881
  1.849
  1.818
  1.789
  1.761
  1.735
  1.710
  1.687
  1.665
  1.645
  1.626
  1.608
  1.591
  1.575
  1.560
  1.546
  1.532
  1.519
  1.507
  1.495
  1.483
  1.471
  1.460
  1.448
  1.437
  1.426
  1.416
  1.405
  1.395
  1.385
  1.375
  1.365
  1.356
  1.347
  1.339
  1.331
  1.323
  1.315
  1.308
  1.301
  1.294
  1.288
  1.281
  1.275
  1.269
  1.264
  1.258
  1.253
  1.248
  1.243
  1.239
  1.235
  1.231
  1.227
  1.224
  1.221
  1.218
  1.216
  1.214
  1.212
  1.211
  1.209
  1.208
  1.206
  1.204
  1.202
  1.200
  1.197
  1.194
  1.191
  1.188
  1.185
  1.181
  1.178
  1.175
  1.171
  1.168
  1.165
  1.162
  1.159
  1.157
  1.154
  1.150
  1.147
  1.143
  1.139
  1.135
  1.130
  1.125
  1.119
  1.113
  1.107
  1.101
  1.095
  1.089
  1.083
  1.078
  1.073
  1.067
  1.063
  1.058
  1.053
  1.048
  1.043
  1.038
  1.033
  1.028
  1.023
  1.017
  1.012
  1.007
  1.002
  0.998
  0.994
  0.991
  0.988
  0.986
  0.985
  0.985
  0.985
  0.985
  0.986
  0.988
  0.989
  0.991
  0.993
  0.995
  0.997
  0.999
  1.000
  1.002
  1.003
  1.004
  1.005
  1.006
  1.007
  1.007
  1.007
  1.007
  1.006
  1.005
  1.004
  1.001
  0.999
  0.995
  0.991
  0.987
  0.982
  0.976
  0.970
  0.964
  0.957
  0.951
  0.945
  0.938
  0.932
  0.926
  0.920
  0.915
  0.910
  0.905
  0.901
  0.897
  0.894
  0.890
  0.887
  0.885
  0.882
  0.880
  0.879
  0.877
  0.876
  0.875
  0.874
  0.873
  0.873
  0.873
  0.872
  0.872
  0.872
  0.871
  0.871
  0.870
  0.869
  0.868
  0.867
  0.866
  0.864
  0.861
  0.859
  0.856
  0.853
  0.850
  0.847
  0.843
  0.840
  0.836
  0.832
  0.829
  0.825
  0.821
  0.817
  0.813
  0.810
  0.806
  0.803
  0.799
  0.796
  0.793
  0.790
  0.788
  0.786
  0.784
  0.782
  0.780
  0.778
  0.777
  0.776
  0.774
  0.773
  0.772
  0.771
  0.769
  0.768
  0.766
  0.764
  0.763
  0.760
  0.758
  0.755
  0.752
  0.748
  0.744
  0.739
  0.733
  0.727
  0.721
  0.713
  0.706
  0.698
  0.690
  0.683
  0.677
  0.672
  0.668
  0.666
  0.666
  0.668
  0.672
  0.679
  0.688
  0.699
  0.712
  0.726
  0.741
  0.757
  0.772
  0.786
  0.799
  0.810
  0.819
  0.824
  0.826
  0.825
  0.821
  0.814
  0.804
  0.792
  0.778
  0.763
  0.748
  0.733
  0.719
  0.707
  0.696
  0.688
  0.683
  0.680
  0.680
  0.683
  0.688
  0.695
  0.704
  0.714
  0.725
  0.736
  0.746
  0.756
  0.765
  0.773
  0.779
  0.785
  0.789
  0.792
  0.795
  0.798
  0.800
  0.803
  0.806
  0.810
  0.813
  0.815
  0.818
  0.819
  0.820
  0.819
  0.817
  0.813
  0.807
  0.800
  0.792
  0.782
  0.772
  0.761
  0.750
  0.739
  0.729
  0.719
  0.709
  0.701
  0.693
  0.686
  0.680
  0.675
  0.670
  0.666
  0.663
  0.660
  0.658
  0.656
  0.654
  0.653
  0.651
  0.650
  0.649
  0.648
  0.647
  0.645
  0.644
  0.642
  0.641
  0.640
  0.639
  0.638
  0.637
  0.636
  0.635
  0.635
  0.634
  0.633
  0.632
  0.632
  0.631
  0.629
  0.628
  0.626
  0.625
  0.623
  0.621
  0.619
  0.617
  0.615
  0.613
  0.611
  0.609
  0.607
  0.606
  0.604
  0.603
  0.602
  0.602
  0.601
  0.600
  0.600
  0.600
  0.600
  0.600
  0.600
  0.600
  0.600
  0.600
  0.600
  0.601
  0.601
  0.601
  0.602
  0.602
  0.602
  0.602
  0.602
  0.602
  0.602
  0.601
  0.600
  0.599
  0.598
  0.597
  0.595
  0.593
  0.590
  0.588
  0.585
  0.581
  0.578
  0.574
  0.571
  0.567
  0.563
  0.560
  0.556
  0.553
  0.550
  0.547
  0.544
  0.541
  0.539
  0.537
  0.535
  0.533
  0.531
  0.530
  0.528
  0.527
  0.525
  0.524
  0.522
  0.521
  0.519
  0.517
  0.515
  0.514
  0.512
  0.510
  0.508
  0.507
  0.505
  0.504
  0.502
  0.501
  0.500
  0.499
  0.498
  0.498
  0.497
  0.497
  0.496
  0.496
  0.496
  0.495
  0.495
  0.494
  0.494
  0.493
  0.492
  0.491
  0.490
  0.488
  0.487
  0.485
  0.483
  0.482
  0.480
  0.478
  0.476
  0.474
  0.472
  0.470
  0.469
  0.467
  0.466
  0.465
  0.464
  0.464
  0.463
  0.462
  0.462
  0.462
  0.462
  0.462
  0.462
  0.462
  0.462
  0.462
  0.462
  0.462
  0.462
  0.462
  0.462
  0.463
  0.463
  0.463
  0.463
  0.463
  0.463
  0.464
  0.464
  0.464
  0.464
  0.465
  0.465
  0.465
  0.465
  0.465
  0.465
  0.465
  0.465
  0.465
  0.465
  0.464
  0.463
  0.462
  0.461
  0.459
  0.457
  0.455
  0.452
  0.449
  0.446
  0.442
  0.439
  0.435
  0.431
  0.427
  0.424
  0.420
  0.416
  0.412
  0.409
  0.405
  0.402
  0.399
  0.396
  0.394
  0.391
  0.389
  0.387
  0.384
  0.382
  0.380
  0.378
  0.376
  0.375
  0.373
  0.371
  0.370
  0.369
  0.368
  0.367
  0.366
  0.366
  0.365
  0.365
  0.364
  0.364
  0.364
  0.364
  0.364
  0.364
  0.364
  0.363
  0.363
  0.363
  0.363
  0.362
  0.362
  0.362
  0.362
  0.361
  0.361
  0.361
  0.361
  0.361
  0.360
  0.360
  0.360
  0.360
  0.361
  0.361
  0.361
  0.361
  0.361
  0.361
  0.361
  0.360
  0.360
  0.360
  0.360
  0.359
  0.359
  0.358
  0.357
  0.356
  0.355
  0.354
  0.353
  0.352
  0.350
  0.349
  0.348
  0.346
  0.345
  0.343
  0.342
  0.340
  0.339
  0.337
  0.336
  0.335
  0.334
  0.333
  0.332
  0.331
  0.330
  0.329
  0.329
  0.328
  0.328
  0.327
  0.327
  0.326
  0.326
  0.326
  0.326
  0.326
  0.326
  0.326
  0.326
  0.326
  0.326
  0.326
  0.326
  0.326
  0.326
  0.326
  0.326
  0.326
  0.326
  0.326
  0.326
  0.326
  0.326
  0.326
  0.326
  0.326
  0.326
  0.326
  0.326
  0.326
  0.326
  0.326
  0.326
  0.326
  0.326
  0.326
  0.326
  0.326
  0.326
  0.326
  0.326
  0.326
  0.326
  0.326
  0.326
  0.326
  0.326
  0.326
  0.326
  0.326
  0.326
  0.326
  0.326
  0.326
  0.326
  0.326
  0.326
  0.326
  0.326
  0.326
  0.326
  0.326
  0.326
  0.326
  0.326
  0.326
  0.326
  0.326
  0.326
  0.326
  0.326
  0.326
  0.326
  0.326
  0.326
  0.326
  0.326
  0.326
  0.326
  0.326
  0.326
  0.326
  0.326
  0.326
  0.326
  0.326
  0.326
  0.326
  0.327
  0.327
  0.327
  0.327
  0.328
  0.328
  0.328
  0.328
  0.329
  0.329
  0.329
  0.329
  0.329
  0.329
  0.328
  0.328
  0.327
  0.325
  0.324
  0.322
  0.319
  0.317
  0.313
  0.310
  0.306
  0.302
  0.298
  0.293
  0.289
  0.284
  0.280
  0.276
  0.272
  0.269
  0.266
  0.263
  0.260
  0.259
  0.257
  0.256
  0.255
  0.254
  0.254
  0.254
  0.254
  0.254
  0.254
  0.254
  0.254
  0.255
  0.255
  0.255
  0.255
  0.255
  0.255
  0.254
  0.254
  0.253
  0.252
  0.251
  0.250
  0.249
  0.248
  0.247
  0.245
  0.244
  0.243
  0.241
  0.240
  0.239
  0.238
  0.236
  0.235
  0.234
  0.233
  0.232
  0.231
  0.230
  0.229
  0.228
  0.227
  0.226
  0.226
  0.225
  0.224
  0.224
  0.224
  0.223
  0.223
  0.223
  0.223
  0.222
  0.222
  0.222
  0.222
  0.222
  0.222
  0.223
  0.223
  0.223
  0.223
  0.223
  0.223
  0.223
  0.223
  0.223
  0.223
  0.223
  0.223
  0.223
  0.223
  0.223
  0.223
  0.223
  0.223
  0.223
  0.223
  0.223
  0.223
  0.223
  0.223
  0.223
  0.223
  0.223
  0.223
  0.223
  0.223
  0.223
  0.223
  0.223
  0.223
  0.223
  0.224
  0.224
  0.224
  0.224
  0.224
  0.224
  0.224
  0.224
  0.224
  0.224
  0.223
  0.223
  0.223
  0.222
  0.221
  0.221
  0.220
  0.219
  0.218
  0.217
  0.215
  0.214
  0.212
  0.211
  0.210
  0.208
  0.206
  0.205
  0.204
  0.202
  0.201
  0.199
  0.198
  0.197
  0.195
  0.194
  0.193
  0.192
  0.192
  0.191
  0.190
  0.190
  0.189
  0.189
  0.189
  0.188
  0.188
  0.188
  0.188
  0.189
  0.189
  0.189
  0.189
  0.189
  0.190
  0.190
  0.190
  0.190
  0.191
  0.191
  0.191
  0.191
  0.191
  0.191
  0.191
  0.191
  0.191
  0.191
  0.191
  0.191
  0.190
  0.190
  0.190
  0.190
  0.190
  0.190
  0.189
  0.189
  0.189
  0.189
  0.189
  0.189
  0.189
  0.189
  0.189
  0.189
  0.189
  0.189
  0.189
  0.189
  0.189
  0.189
  0.189
  0.189
  0.189
  0.189
  0.189
  0.189
  0.189
  0.189
  0.189
  0.189
  0.189
  0.189
  0.189
  0.189
  0.189
  0.189
  0.189
  0.189
  0.189
  0.189
  0.189
  0.189
  0.189
  0.189
  0.189
  0.189
  0.189
  0.189
  0.189
  0.189
  0.189
  0.189
  0.189
  0.189
  0.189
  0.189
  0.189
  0.189
  0.189
  0.189
  0.189
  0.189
  0.189
  0.189
  0.189
  0.189
  0.189
  0.189
  0.189
  0.189
  0.189
  0.189
  0.189
  0.189
  0.189
  0.189
  0.189
  0.189
  0.189
  0.189
  0.189
  0.189
  0.189
  0.189
  0.189
  0.189
  0.189
  0.189
  0.189
  0.189
  0.189
  0.189
  0.189
  0.189
  0.189
  0.189
  0.190
  0.190
  0.190
  0.190
  0.190
  0.190
  0.190
  0.190
  0.190
  0.190
  0.190
  0.189
  0.189
  0.188
  0.187
  0.187
  0.186
  0.184
  0.183
  0.182
  0.180
  0.179
  0.177
  0.176
  0.174
  0.173
  0.172
  0.171
  0.170
  0.170
  0.170
  0.170
  0.170
  0.171
  0.172
  0.173
  0.175
  0.176
  0.178
  0.179
  0.181
  0.182
  0.184
  0.185
  0.186
  0.188
  0.188
  0.189
  0.190
  0.191
  0.191
  0.191
  0.191
  0.191
  0.191
  0.191
  0.190
  0.189
  0.189
  0.187
  0.186
  0.185
  0.183
  0.181
  0.179
  0.177
  0.175
  0.173
  0.171
  0.169
  0.167
  0.165
  0.164
  0.162
  0.161
  0.160
  0.159
  0.159
  0.159
  0.158
  0.158
  0.158
  0.159
  0.159
  0.159
  0.159
  0.159
  0.159
  0.159
  0.159
  0.158
  0.158
  0.158
  0.157
  0.157
  0.157
  0.156
  0.156
  0.156
  0.156
  0.155
  0.155
  0.155
  0.155
  0.155
  0.155
  0.155
  0.155
  0.155
  0.155
  0.155
  0.155
  0.155
  0.155
  0.155
  0.155
  0.155
  0.155
  0.155
  0.155
  0.155
  0.155
  0.155
  0.155
  0.155
  0.155
  0.155
  0.155
  0.155
  0.155
  0.155
  0.155
  0.155
  0.155
  0.155
  0.155
  0.155
  0.155
  0.155
  0.155
  0.155
  0.155
  0.155
  0.155
  0.155
  0.155
  0.155
  0.155
  0.155
  0.155
  0.155
  0.155
  0.155
  0.155
  0.155
  0.155
  0.154
  0.154
  0.154
  0.153
  0.153
  0.152
  0.151
  0.151
  0.150
  0.149
  0.148
  0.147
  0.146
  0.145
  0.144
  0.143
  0.142
  0.141
  0.140
  0.139
  0.137
  0.136
  0.135
  0.134
  0.132
  0.131
  0.130
  0.129
  0.128
  0.127
  0.126
  0.125
  0.125
  0.124
  0.124
  0.123
  0.123
  0.123
  0.122
  0.122
  0.122
  0.122
  0.122
  0.122
  0.121
  0.121
  0.121
  0.121
  0.121
  0.121
  0.120
  0.120
  0.120
  0.120
  0.120
  0.120
  0.120
  0.120
  0.120
  0.120
  0.120
  0.120
  0.120
  0.120
  0.120
  0.120
  0.120
  0.120
  0.120
  0.120
  0.120
  0.120
  0.120
  0.120
  0.120
  0.120
  0.120
  0.120
  0.120
  0.120
  0.120
  0.120
  0.120
  0.120
  0.120
  0.120
  0.120
  0.120
  0.120
  0.120
  0.120
  0.120
  0.120
  0.120
  0.120
  0.120
  0.120
  0.120
  0.120
  0.120
  0.120
  0.120
  0.120
  0.120
  0.120
  0.120
  0.120
  0.120
  0.120
  0.120
  0.120
  0.120
  0.120
  0.120
  0.120
  0.120
  0.120
  0.120
  0.120
  0.120
  0.120
  0.120
  0.120
  0.120
  0.120
  0.120
  0.120
  0.120
  0.120
  0.120
  0.120
  0.120
  0.120
  0.120
  0.120
  0.120
  0.120
  0.120
  0.120
  0.120
  0.120
  0.120
  0.120
  0.120
  0.120
  0.120
  0.120
  0.120
  0.120
  0.120
  0.120
  0.120
  0.120
  0.120
  0.120
  0.120
  0.120
  0.120
  0.120
  0.120
  0.120
  0.120
  0.120
  0.120
  0.120
  0.120
  0.120
  0.120
  0.120
  0.120
  0.120
  0.120
  0.120
  0.120
  0.120
  0.120
  0.120
  0.120
  0.120
  0.120
  0.120
  0.120
  0.120
  0.120
  0.120
  0.120
  0.120
  0.120
  0.120
  0.120
  0.120
  0.120
  0.120
  0.120
  0.120
  0.120
  0.120
  0.120
  0.120
  0.120
  0.120
  0.120
  0.120
  0.120
  0.120
  0.120
  0.120
  0.120
  0.120
  0.120
  0.120
  0.120
  0.120
  0.120
  0.120
  0.120
  0.120
  0.120
  0.120
  0.120
  0.120
  0.120
  0.120
  0.120
  0.121
  0.121
  0.121
  0.121
  0.121
  0.121
  0.121
  0.121
  0.121
  0.121
  0.121
  0.120
  0.120
  0.120
  0.119
  0.119
  0.118
  0.117
  0.116
  0.115
  0.114
  0.113
  0.111
  0.110
  0.109
  0.107
  0.106
  0.105
  0.104
  0.103
  0.102
  0.101
  0.100
  0.100
  0.100
  0.099
  0.099
  0.099
  0.099
  0.100
  0.100
  0.100
  0.101
  0.101
  0.101
  0.102
  0.102
  0.103
  0.104
  0.104
  0.105
  0.105
  0.106
  0.107
  0.107
  0.108
  0.109
  0.109
  0.109
  0.110
  0.110
  0.110
  0.110
  0.110
  0.110
  0.110
  0.110
  0.110
  0.110
  0.110
  0.110
  0.109
  0.109
  0.108
  0.108
  0.107
  0.106
  0.105
  0.104
  0.103
  0.101
  0.100
  0.099
  0.097
  0.096
  0.095
  0.094
  0.093
  0.092
  0.091
  0.091
  0.090
  0.090
  0.090
  0.091
  0.091
  0.092
  0.092
  0.093
  0.094
  0.095
  0.096
  0.097
  0.098
  0.099
  0.100
  0.100
  0.101
  0.101
  0.101
  0.102
  0.102
  0.102
  0.101
  0.101
  0.101
  0.101
  0.101
  0.100
  0.100
  0.100
  0.099
  0.098
  0.098
  0.097
  0.096
  0.095
  0.094
  0.094
  0.093
  0.092
  0.091
  0.090
  0.089
  0.088
  0.088
  0.087
  0.087
  0.086
  0.086
  0.086
  0.086
  0.085
  0.085
  0.085
  0.085
  0.085
  0.085
  0.085
  0.085
  0.086
  0.086
  0.086
  0.086
  0.086
  0.086
  0.086
  0.086
  0.086
  0.086
  0.086
  0.086
  0.086
  0.086
  0.086
  0.086
  0.086
  0.086
  0.086
  0.086
  0.086
  0.087
  0.087
  0.087
  0.086
  0.086
  0.086
  0.086
  0.086
  0.086
  0.085
  0.085
  0.085
  0.084
  0.084
  0.083
  0.082
  0.082
  0.081
  0.080
  0.080
  0.079
  0.078
  0.077
  0.077
  0.076
  0.076
  0.075
  0.075
  0.075
  0.075
  0.075
  0.075
  0.075
  0.076
  0.076
  0.077
  0.077
  0.078
  0.079
  0.080
  0.080
  0.081
  0.082
  0.082
  0.083
  0.084
  0.084
  0.085
  0.085
  0.085
  0.086
  0.086
  0.086
  0.086
  0.086
  0.086
  0.086
  0.086
  0.086
  0.086
  0.086
  0.086
  0.086
  0.086
  0.086
  0.086
  0.086
  0.086
  0.086
  0.086
  0.086
  0.086
  0.086
  0.086
  0.086
  0.086
  0.086
  0.086
  0.086
  0.086
  0.086
  0.086
  0.086
  0.086
  0.086
  0.086
  0.086
  0.086
  0.086
  0.086
  0.086
  0.086
  0.086
  0.086
  0.086
  0.086
  0.086
  0.086
  0.086
  0.086
  0.086
  0.086
  0.086
  0.085
  0.085
  0.085
  0.085
  0.085
  0.084
  0.084
  0.084
  0.084
  0.084
  0.084
  0.084
  0.084
  0.084
  0.084
  0.084
  0.084
  0.084
  0.084
  0.084
  0.084
  0.083
  0.083
  0.083
  0.082
  0.082
  0.081
  0.081
  0.080
  0.080
  0.079
  0.079
  0.079
  0.079
  0.078
  0.078
  0.078
  0.078
  0.079
  0.079
  0.079
  0.079
  0.080
  0.080
  0.080
  0.081
  0.081
  0.081
  0.081
  0.081
  0.081
  0.081
  0.080
  0.080
  0.079
  0.079
  0.078
  0.077
  0.076
  0.075
  0.074
  0.073
  0.072
  0.071
  0.071
  0.070
  0.069
  0.068
  0.068
  0.067
  0.067
  0.067
  0.066
  0.066
  0.066
  0.066
  0.066
  0.066
  0.066
  0.067
  0.067
  0.067
  0.067
  0.067
  0.068
  0.068
  0.068
  0.068
  0.068
  0.068
  0.068
  0.068
  0.068
  0.068
  0.067
  0.067
  0.067
  0.066
  0.066
  0.066
  0.065
  0.065
  0.064
  0.064
  0.064
  0.064
  0.063
  0.063
  0.063
  0.063
  0.063
  0.062
  0.062
  0.062
  0.062
  0.061
  0.061
  0.061
  0.061
  0.061
  0.061
  0.061
  0.061
  0.062
  0.062
  0.062
  0.062
  0.063
  0.063
  0.063
  0.064
  0.064
  0.064
  0.064
  0.065
  0.064
  0.064
  0.063
  0.062
  0.061
  0.060
  0.059
  0.058
  0.056
  0.055
  0.054
  0.053
  0.052
  0.051
  0.050
  0.049
  0.048
  0.047
  0.046
  0.045
  0.044
  0.043
  0.042
  0.041
  0.039
  0.038
  0.037
  0.036
  0.035
  0.034
  0.033
  0.032
  0.031
  0.030
  0.029
  0.028
  0.027
  0.026
  0.025
  0.023
  0.022
  0.021
  0.020
  0.019
  0.018
  0.017
  0.016
  0.015
  0.014
  0.013
  0.012
  0.011
  0.010
  0.009
  0.007
  0.006
  0.005
  0.004
  0.003
  0.002
  0.001
