  0.000
  0.000
  0.001
  0.001
  0.001
  0.001
  0.000
  0.000
  0.000
  0.000
  0.000
  0.000
  0.000
  0.000
  0.000
  0.000
  0.000
  0.000
  0.000
  0.000
  0.000
  0.000
  0.000
  0.000
  0.000
  0.000
  0.000
  0.000
  0.000
  0.000
  0.000
  0.000
  0.000
  0.000
  0.000
  0.000
  0.000
  0.000
  0.000
  0.000
  0.000
  0.000
  0.000
  0.000
  0.000
  0.000
  0.000
  0.000
  0.000
  0.000
  0.000
  0.000
  0.000
  0.000
  0.000
  0.001
  0.001
  0.001
  0.001
  0.001
  0.002
  0.002
  0.002
  0.002
  0.002
  0.002
  0.002
  0.002
  0.001
  0.001
  0.000
  0.000
  0.000
  0.000
  0.000
  0.000
  0.000
  0.000
  0.000
  0.000
  0.000
  0.000
  0.000
  0.000
  0.000
  0.000
  0.000
  0.000
  0.000
  0.000
  0.000
  0.008
  0.025
  0.047
  0.073
  0.105
  0.142
  0.185
  0.236
  0.293
  0.357
  0.429
  0.508
  0.596
  0.691
  0.793
  0.904
  1.022
  1.148
  1.280
  1.420
  1.565
  1.717
  1.875
  2.037
  2.204
  2.374
  2.548
  2.724
  2.901
  3.078
  3.256
  3.431
  3.605
  3.774
  3.939
  4.098
  4.250
  4.394
  4.529
  4.653
  4.767
  4.870
  4.960
  5.039
  5.105
  5.159
  5.200
  5.230
  5.249
  5.259
  5.258
  5.250
  5.234
  5.212
  5.185
  5.154
  5.120
  5.083
  5.046
  5.007
  4.969
  4.932
  4.895
  4.859
  4.825
  4.793
  4.762
  4.733
  4.706
  4.680
  4.657
  4.634
  4.613
  4.594
  4.575
  4.558
  4.541
  4.525
  4.510
  4.495
  4.480
  4.465
  4.451
  4.437
  4.423
  4.409
  4.395
  4.381
  4.366
  4.352
  4.338
  4.323
  4.308
  4.293
  4.277
  4.261
  4.244
  4.228
  4.210
  4.193
  4.175
  4.157
  4.139
  4.121
  4.103
  4.085
  4.068
  4.050
  4.033
  4.015
  3.998
  3.980
  3.963
  3.945
  3.928
  3.910
  3.892
  3.874
  3.856
  3.837
  3.819
  3.801
  3.782
  3.764
  3.747
  3.729
  3.712
  3.695
  3.678
  3.662
  3.646
  3.630
  3.615
  3.600
  3.585
  3.570
  3.555
  3.540
  3.525
  3.510
  3.494
  3.478
  3.462
  3.444
  3.427
  3.408
  3.389
  3.370
  3.350
  3.330
  3.309
  3.288
  3.267
  3.246
  3.226
  3.206
  3.186
  3.167
  3.149
  3.131
  3.115
  3.099
  3.084
  3.071
  3.058
  3.046
  3.035
  3.024
  3.014
  3.005
  2.996
  2.987
  2.978
  2.970
  2.962
  2.953
  2.944
  2.936
  2.927
  2.918
  2.908
  2.898
  2.888
  2.879
  2.869
  2.859
  2.849
  2.840
  2.831
  2.822
  2.814
  2.806
  2.798
  2.791
  2.784
  2.777
  2.770
  2.763
  2.756
  2.749
  2.742
  2.734
  2.725
  2.716
  2.706
  2.696
  2.684
  2.672
  2.659
  2.646
  2.632
  2.618
  2.602
  2.587
  2.571
  2.555
  2.539
  2.523
  2.506
  2.490
  2.474
  2.458
  2.443
  2.427
  2.412
  2.398
  2.384
  2.370
  2.357
  2.344
  2.332
  2.321
  2.310
  2.300
  2.290
  2.280
  2.271
  2.263
  2.255
  2.247
  2.239
  2.232
  2.224
  2.217
  2.210
  2.202
  2.194
  2.186
  2.178
  2.169
  2.160
  2.150
  2.139
  2.128
  2.116
  2.103
  2.090
  2.076
  2.062
  2.047
  2.032
  2.016
  2.001
  1.985
  1.969
  1.953
  1.937
  1.921
  1.906
  1.890
  1.875
  1.859
  1.844
  1.829
  1.814
  1.800
  1.785
  1.771
  1.757
  1.744
  1.731
  1.718
  1.705
  1.693
  1.681
  1.669
  1.658
  1.646
  1.636
  1.625
  1.614
  1.604
  1.594
  1.584
  1.574
  1.564
  1.554
  1.544
  1.535
  1.525
  1.515
  1.506
  1.496
  1.486
  1.477
  1.467
  1.457
  1.447
  1.438
  1.428
  1.418
  1.408
  1.397
  1.387
  1.377
  1.367
  1.356
  1.346
  1.336
  1.326
  1.316
  1.306
  1.296
  1.287
  1.277
  1.268
  1.259
  1.249
  1.240
  1.231
  1.222
  1.213
  1.204
  1.194
  1.185
  1.176
  1.167
  1.158
  1.149
  1.141
  1.132
  1.124
  1.117
  1.109
  1.102
  1.096
  1.090
  1.084
  1.079
  1.074
  1.069
  1.065
  1.060
  1.056
  1.051
  1.046
  1.042
  1.037
  1.032
  1.026
  1.021
  1.015
  1.010
  1.004
  0.998
  0.992
  0.986
  0.981
  0.975
  0.970
  0.964
  0.959
  0.954
  0.950
  0.945
  0.941
  0.936
  0.932
  0.928
  0.924
  0.920
  0.915
  0.911
  0.907
  0.902
  0.898
  0.893
  0.888
  0.883
  0.878
  0.873
  0.868
  0.863
  0.858
  0.853
  0.847
  0.842
  0.837
  0.832
  0.827
  0.821
  0.816
  0.811
  0.806
  0.800
  0.795
  0.790
  0.785
  0.779
  0.774
  0.769
  0.764
  0.758
  0.753
  0.748
  0.743
  0.738
  0.734
  0.729
  0.724
  0.720
  0.715
  0.711
  0.707
  0.703
  0.698
  0.694
  0.690
  0.686
  0.682
  0.678
  0.674
  0.670
  0.666
  0.662
  0.658
  0.654
  0.650
  0.646
  0.642
  0.638
  0.634
  0.630
  0.626
  0.622
  0.618
  0.615
  0.611
  0.607
  0.604
  0.601
  0.598
  0.595
  0.592
  0.589
  0.586
  0.583
  0.580
  0.577
  0.574
  0.572
  0.569
  0.566
  0.563
  0.560
  0.557
  0.555
  0.552
  0.549
  0.547
  0.544
  0.542
  0.539
  0.537
  0.535
  0.533
  0.531
  0.530
  0.528
  0.527
  0.525
  0.524
  0.523
  0.522
  0.521
  0.520
  0.519
  0.519
  0.518
  0.517
  0.516
  0.515
  0.513
  0.512
  0.510
  0.508
  0.505
  0.502
  0.499
  0.496
  0.493
  0.489
  0.485
  0.481
  0.477
  0.473
  0.469
  0.466
  0.462
  0.459
  0.456
  0.453
  0.450
  0.447
  0.445
  0.443
  0.440
  0.438
  0.436
  0.434
  0.432
  0.430
  0.428
  0.426
  0.424
  0.422
  0.420
  0.418
  0.417
  0.415
  0.414
  0.412
  0.411
  0.409
  0.408
  0.407
  0.405
  0.404
  0.402
  0.401
  0.399
  0.398
  0.396
  0.395
  0.393
  0.392
  0.390
  0.389
  0.388
  0.386
  0.385
  0.384
  0.384
  0.383
  0.383
  0.382
  0.382
  0.382
  0.382
  0.383
  0.383
  0.384
  0.384
  0.385
  0.386
  0.386
  0.387
  0.388
  0.388
  0.389
  0.389
  0.390
  0.390
  0.390
  0.390
  0.390
  0.390
  0.389
  0.389
  0.389
  0.388
  0.387
  0.387
  0.386
  0.385
  0.384
  0.383
  0.382
  0.382
  0.381
  0.380
  0.379
  0.379
  0.378
  0.378
  0.378
  0.378
  0.377
  0.377
  0.377
  0.377
  0.377
  0.377
  0.377
  0.376
  0.376
  0.375
  0.375
  0.374
  0.373
  0.372
  0.370
  0.369
  0.367
  0.365
  0.363
  0.361
  0.358
  0.356
  0.354
  0.351
  0.349
  0.347
  0.345
  0.343
  0.341
  0.340
  0.338
  0.337
  0.336
  0.334
  0.333
  0.332
  0.332
  0.331
  0.330
  0.329
  0.329
  0.328
  0.327
  0.326
  0.326
  0.325
  0.324
  0.323
  0.323
  0.322
  0.321
  0.320
  0.319
  0.317
  0.316
  0.315
  0.314
  0.314
  0.313
  0.312
  0.311
  0.311
  0.310
  0.310
  0.309
  0.309
  0.309
  0.309
  0.309
  0.309
  0.309
  0.309
  0.309
  0.309
  0.309
  0.309
  0.310
  0.310
  0.310
  0.310
  0.310
  0.310
  0.310
  0.310
  0.310
  0.309
  0.309
  0.308
  0.307
  0.306
  0.304
  0.303
  0.301
  0.300
  0.298
  0.296
  0.294
  0.292
  0.290
  0.287
  0.285
  0.283
  0.282
  0.280
  0.279
  0.277
  0.276
  0.275
  0.274
  0.273
  0.273
  0.272
  0.271
  0.271
  0.270
  0.270
  0.269
  0.269
  0.268
  0.267
  0.266
  0.266
  0.265
  0.264
  0.263
  0.262
  0.261
  0.261
  0.260
  0.259
  0.258
  0.257
  0.257
  0.256
  0.255
  0.254
  0.253
  0.253
  0.252
  0.251
  0.250
  0.249
  0.249
  0.248
  0.247
  0.246
  0.245
  0.244
  0.244
  0.243
  0.242
  0.242
  0.241
  0.241
  0.241
  0.240
  0.240
  0.240
  0.240
  0.240
  0.240
  0.240
  0.240
  0.240
  0.240
  0.240
  0.240
  0.240
  0.240
  0.240
  0.240
  0.240
  0.240
  0.240
  0.240
  0.240
  0.240
  0.240
  0.240
  0.240
  0.240
  0.240
  0.240
  0.240
  0.240
  0.240
  0.240
  0.240
  0.240
  0.240
  0.240
  0.240
  0.240
  0.240
  0.240
  0.241
  0.241
  0.241
  0.241
  0.241
  0.241
  0.241
  0.242
  0.242
  0.242
  0.242
  0.241
  0.241
  0.241
  0.240
  0.239
  0.239
  0.237
  0.236
  0.235
  0.233
  0.231
  0.229
  0.227
  0.224
  0.222
  0.219
  0.217
  0.214
  0.212
  0.210
  0.207
  0.205
  0.203
  0.201
  0.199
  0.197
  0.195
  0.194
  0.193
  0.191
  0.190
  0.190
  0.189
  0.188
  0.188
  0.187
  0.187
  0.187
  0.187
  0.187
  0.187
  0.187
  0.187
  0.188
  0.188
  0.188
  0.188
  0.189
  0.189
  0.189
  0.189
  0.189
  0.189
  0.189
  0.189
  0.189
  0.189
  0.189
  0.189
  0.189
  0.189
  0.189
  0.189
  0.189
  0.189
  0.190
  0.190
  0.191
  0.192
  0.192
  0.193
  0.194
  0.195
  0.196
  0.197
  0.198
  0.199
  0.200
  0.201
  0.202
  0.203
  0.205
  0.206
  0.208
  0.209
  0.211
  0.213
  0.215
  0.217
  0.218
  0.220
  0.222
  0.223
  0.224
  0.225
  0.225
  0.225
  0.225
  0.225
  0.224
  0.223
  0.221
  0.220
  0.218
  0.216
  0.214
  0.212
  0.211
  0.209
  0.207
  0.206
  0.204
  0.203
  0.202
  0.201
  0.200
  0.200
  0.199
  0.199
  0.198
  0.198
  0.198
  0.197
  0.197
  0.197
  0.197
  0.196
  0.196
  0.196
  0.196
  0.195
  0.195
  0.195
  0.194
  0.194
  0.193
  0.193
  0.192
  0.191
  0.191
  0.190
  0.190
  0.189
  0.188
  0.187
  0.187
  0.186
  0.186
  0.185
  0.185
  0.185
  0.184
  0.184
  0.184
  0.183
  0.183
  0.183
  0.183
  0.182
  0.182
  0.182
  0.182
  0.181
  0.181
  0.180
  0.180
  0.180
  0.179
  0.178
  0.178
  0.177
  0.177
  0.176
  0.175
  0.175
  0.174
  0.173
  0.173
  0.172
  0.172
  0.171
  0.171
  0.171
  0.170
  0.170
  0.170
  0.170
  0.170
  0.170
  0.170
  0.170
  0.170
  0.170
  0.170
  0.170
  0.170
  0.170
  0.170
  0.170
  0.170
  0.170
  0.170
  0.170
  0.170
  0.170
  0.170
  0.170
  0.170
  0.170
  0.170
  0.170
  0.170
  0.170
  0.170
  0.170
  0.170
  0.170
  0.170
  0.170
  0.170
  0.170
  0.170
  0.170
  0.170
  0.170
  0.170
  0.170
  0.170
  0.170
  0.170
  0.170
  0.170
  0.170
  0.170
  0.170
  0.171
  0.171
  0.171
  0.171
  0.171
  0.171
  0.171
  0.171
  0.171
  0.171
  0.171
  0.171
  0.170
  0.170
  0.169
  0.168
  0.168
  0.167
  0.165
  0.164
  0.163
  0.161
  0.160
  0.158
  0.156
  0.155
  0.153
  0.151
  0.150
  0.148
  0.147
  0.146
  0.144
  0.143
  0.142
  0.141
  0.140
  0.139
  0.138
  0.138
  0.137
  0.137
  0.136
  0.136
  0.136
  0.136
  0.135
  0.135
  0.135
  0.135
  0.135
  0.135
  0.135
  0.136
  0.136
  0.136
  0.136
  0.136
  0.136
  0.136
  0.136
  0.136
  0.136
  0.136
  0.136
  0.136
  0.136
  0.136
  0.136
  0.136
  0.136
  0.136
  0.136
  0.136
  0.136
  0.136
  0.136
  0.136
  0.136
  0.136
  0.136
  0.136
  0.136
  0.136
  0.136
  0.136
  0.136
  0.136
  0.136
  0.136
  0.136
  0.136
  0.136
  0.136
  0.136
  0.136
  0.136
  0.136
  0.136
  0.136
  0.135
  0.135
  0.135
  0.135
  0.135
  0.134
  0.134
  0.134
  0.134
  0.133
  0.133
  0.133
  0.133
  0.133
  0.133
  0.133
  0.133
  0.133
  0.133
  0.132
  0.132
  0.132
  0.132
  0.132
  0.131
  0.131
  0.131
  0.131
  0.131
  0.131
  0.131
  0.130
  0.130
  0.130
  0.130
  0.130
  0.130
  0.129
  0.129
  0.129
  0.128
  0.128
  0.127
  0.127
  0.127
  0.126
  0.126
  0.125
  0.125
  0.125
  0.125
  0.125
  0.125
  0.125
  0.125
  0.126
  0.126
  0.127
  0.127
  0.128
  0.128
  0.129
  0.130
  0.131
  0.131
  0.132
  0.133
  0.133
  0.134
  0.134
  0.135
  0.135
  0.136
  0.136
  0.136
  0.136
  0.136
  0.136
  0.136
  0.136
  0.137
  0.137
  0.136
  0.136
  0.136
  0.136
  0.136
  0.136
  0.136
  0.136
  0.136
  0.136
  0.136
  0.136
  0.136
  0.136
  0.136
  0.136
  0.136
  0.136
  0.136
  0.136
  0.136
  0.136
  0.136
  0.136
  0.136
  0.136
  0.136
  0.136
  0.136
  0.136
  0.136
  0.136
  0.136
  0.136
  0.136
  0.136
  0.136
  0.136
  0.136
  0.136
  0.136
  0.136
  0.136
  0.135
  0.135
  0.135
  0.134
  0.134
  0.134
  0.133
  0.133
  0.132
  0.132
  0.132
  0.131
  0.131
  0.130
  0.130
  0.130
  0.129
  0.129
  0.129
  0.128
  0.128
  0.128
  0.127
  0.127
  0.126
  0.126
  0.126
  0.125
  0.125
  0.124
  0.124
  0.123
  0.123
  0.122
  0.122
  0.121
  0.121
  0.120
  0.119
  0.119
  0.118
  0.117
  0.116
  0.115
  0.114
  0.113
  0.113
  0.112
  0.111
  0.111
  0.110
  0.110
  0.110
  0.109
  0.109
  0.109
  0.109
  0.109
  0.109
  0.109
  0.109
  0.109
  0.109
  0.109
  0.110
  0.110
  0.110
  0.110
  0.110
  0.111
  0.111
  0.111
  0.112
  0.112
  0.112
  0.112
  0.113
  0.113
  0.113
  0.113
  0.113
  0.113
  0.113
  0.113
  0.113
  0.113
  0.113
  0.112
  0.112
  0.111
  0.111
  0.111
  0.110
  0.110
  0.109
  0.109
  0.108
  0.108
  0.107
  0.107
  0.106
  0.106
  0.106
  0.105
  0.105
  0.105
  0.105
  0.105
  0.104
  0.104
  0.104
  0.104
  0.104
  0.104
  0.104
  0.104
  0.104
  0.104
  0.104
  0.104
  0.104
  0.104
  0.104
  0.103
  0.103
  0.103
  0.103
  0.103
  0.103
  0.103
  0.103
  0.103
  0.103
  0.103
  0.103
  0.103
  0.103
  0.103
  0.103
  0.103
  0.103
  0.103
  0.103
  0.103
  0.103
  0.103
  0.103
  0.103
  0.103
  0.103
  0.103
  0.103
  0.103
  0.103
  0.103
  0.103
  0.103
  0.103
  0.103
  0.103
  0.103
  0.103
  0.103
  0.103
  0.103
  0.103
  0.103
  0.103
  0.103
  0.103
  0.103
  0.103
  0.103
  0.103
  0.103
  0.103
  0.103
  0.103
  0.103
  0.103
  0.103
  0.103
  0.103
  0.103
  0.103
  0.103
  0.103
  0.103
  0.103
  0.103
  0.103
  0.103
  0.103
  0.103
  0.103
  0.103
  0.103
  0.103
  0.103
  0.103
  0.103
  0.103
  0.103
  0.103
  0.103
  0.103
  0.103
  0.103
  0.103
  0.103
  0.103
  0.103
  0.103
  0.103
  0.103
  0.103
  0.103
  0.103
  0.103
  0.103
  0.103
  0.103
  0.103
  0.103
  0.103
  0.103
  0.103
  0.103
  0.103
  0.103
  0.103
  0.103
  0.103
  0.103
  0.103
  0.103
  0.103
  0.103
  0.103
  0.103
  0.103
  0.103
  0.103
  0.103
  0.103
  0.103
  0.103
  0.103
  0.103
  0.103
  0.103
  0.103
  0.103
  0.103
  0.103
  0.103
  0.103
  0.103
  0.103
  0.103
  0.103
  0.103
  0.103
  0.103
  0.103
  0.103
  0.103
  0.103
  0.103
  0.103
  0.103
  0.103
  0.103
  0.103
  0.103
  0.103
  0.103
  0.103
  0.103
  0.103
  0.103
  0.103
  0.103
  0.103
  0.103
  0.103
  0.103
  0.103
  0.103
  0.103
  0.103
  0.103
  0.103
  0.103
  0.103
  0.103
  0.103
  0.103
  0.103
  0.103
  0.103
  0.103
  0.103
  0.103
  0.103
  0.103
  0.103
  0.103
  0.103
  0.103
  0.103
  0.103
  0.103
  0.103
  0.103
  0.103
  0.103
  0.103
  0.103
  0.103
  0.103
  0.103
  0.103
  0.103
  0.103
  0.104
  0.104
  0.104
  0.104
  0.104
  0.104
  0.104
  0.104
  0.104
  0.104
  0.104
  0.103
  0.103
  0.102
  0.102
  0.101
  0.100
  0.099
  0.098
  0.097
  0.095
  0.094
  0.092
  0.091
  0.090
  0.088
  0.087
  0.086
  0.084
  0.083
  0.082
  0.082
  0.081
  0.080
  0.080
  0.080
  0.080
  0.080
  0.081
  0.081
  0.082
  0.083
  0.084
  0.086
  0.087
  0.088
  0.089
  0.090
  0.090
  0.091
  0.091
  0.090
  0.090
  0.089
  0.088
  0.086
  0.085
  0.083
  0.081
  0.080
  0.078
  0.076
  0.075
  0.074
  0.072
  0.071
  0.071
  0.070
  0.070
  0.069
  0.069
  0.069
  0.069
  0.069
  0.069
  0.069
  0.070
  0.070
  0.070
  0.070
  0.070
  0.071
  0.071
  0.072
  0.073
  0.074
  0.075
  0.076
  0.078
  0.079
  0.081
  0.084
  0.086
  0.088
  0.090
  0.092
  0.094
  0.096
  0.098
  0.100
  0.101
  0.102
  0.103
  0.103
  0.103
  0.102
  0.102
  0.101
  0.099
  0.097
  0.095
  0.093
  0.090
  0.088
  0.085
  0.082
  0.079
  0.075
  0.072
  0.070
  0.067
  0.064
  0.062
  0.060
  0.058
  0.056
  0.055
  0.053
  0.052
  0.051
  0.050
  0.049
  0.049
  0.048
  0.048
  0.047
  0.047
  0.047
  0.047
  0.047
  0.047
  0.047
  0.048
  0.048
  0.049
  0.050
  0.051
  0.052
  0.053
  0.053
  0.054
  0.055
  0.056
  0.057
  0.057
  0.058
  0.059
  0.059
  0.059
  0.060
  0.060
  0.060
  0.061
  0.061
  0.061
  0.061
  0.062
  0.062
  0.062
  0.062
  0.063
  0.063
  0.063
  0.064
  0.064
  0.064
  0.064
  0.064
  0.064
  0.064
  0.064
  0.064
  0.064
  0.063
  0.063
  0.062
  0.062
  0.061
  0.061
  0.060
  0.059
  0.059
  0.058
  0.058
  0.057
  0.056
  0.056
  0.055
  0.055
  0.055
  0.054
  0.054
  0.053
  0.053
  0.052
  0.052
  0.052
  0.051
  0.051
  0.051
  0.050
  0.050
  0.050
  0.050
  0.050
  0.050
  0.050
  0.050
  0.051
  0.051
  0.052
  0.052
  0.053
  0.053
  0.054
  0.055
  0.056
  0.056
  0.057
  0.057
  0.058
  0.058
  0.058
  0.058
  0.058
  0.058
  0.057
  0.057
  0.056
  0.055
  0.054
  0.053
  0.052
  0.051
  0.050
  0.049
  0.048
  0.047
  0.046
  0.046
  0.045
  0.045
  0.045
  0.045
  0.045
  0.045
  0.045
  0.045
  0.045
  0.045
  0.045
  0.045
  0.044
  0.044
  0.043
  0.042
  0.041
  0.040
  0.040
  0.039
  0.038
  0.037
  0.037
  0.036
  0.035
  0.035
  0.034
  0.033
  0.032
  0.031
  0.031
  0.030
  0.029
  0.029
  0.028
  0.027
  0.026
  0.025
  0.025
  0.024
  0.023
  0.022
  0.022
  0.021
  0.020
  0.020
  0.019
  0.018
  0.017
  0.016
  0.016
  0.015
  0.014
  0.014
  0.013
  0.012
  0.011
  0.010
  0.010
  0.009
  0.008
  0.007
  0.007
  0.006
  0.005
  0.005
  0.004
  0.003
  0.002
  0.001
  0.001
